	515rcbc9	515rcbc8	515rcbc19	515rcbc18	515rcbc11	515rcbc10	515rcbc13	515rcbc12	515rcbc15	515rcbc14	515rcbc17	515rcbc16	515rcbc37	515rcbc36	515rcbc35	515rcbc34	515rcbc33	515rcbc32	515rcbc20	515rcbc21	515rcbc22	515rcbc23	515rcbc24	515rcbc25	515rcbc26	515rcbc27	515rcbc28	515rcbc29	515rcbc30	515rcbc31
515rcbc9	0.0	2.5	6.0	4.0	0.5	0.0	1.5	7.0	3.0	0.5	0.8	5.0	1.0	0.0	6.0	0.0	1.0	0.0	0.0	0.0	0.0	4.0	7.0	0.5	5.0	0.0	0.0	0.0	1.5	2.0
515rcbc8	2.5	0.0	3.5	1.5	3.0	2.5	1.0	9.5	5.5	2.0	1.7	2.5	1.5	2.5	3.5	2.5	1.5	2.5	2.5	2.5	2.5	1.5	9.5	3.0	2.5	2.5	2.5	2.5	4.0	0.5
515rcbc19	6.0	3.5	0.0	2.0	6.5	6.0	4.5	13.0	9.0	5.5	5.2	1.0	5.0	6.0	0.0	6.0	5.0	6.0	6.0	6.0	6.0	2.0	13.0	6.5	1.0	6.0	6.0	6.0	7.5	4.0
515rcbc18	4.0	1.5	2.0	0.0	4.5	4.0	2.5	11.0	7.0	3.5	3.2	1.0	3.0	4.0	2.0	4.0	3.0	4.0	4.0	4.0	4.0	0.0	11.0	4.5	1.0	4.0	4.0	4.0	5.5	2.0
515rcbc11	0.5	3.0	6.5	4.5	0.0	0.5	2.0	6.5	2.5	1.0	1.3	5.5	1.5	0.5	6.5	0.5	1.5	0.5	0.5	0.5	0.5	4.5	6.5	0.0	5.5	0.5	0.5	0.5	1.0	2.5
515rcbc10	0.0	2.5	6.0	4.0	0.5	0.0	1.5	7.0	3.0	0.5	0.8	5.0	1.0	0.0	6.0	0.0	1.0	0.0	0.0	0.0	0.0	4.0	7.0	0.5	5.0	0.0	0.0	0.0	1.5	2.0
515rcbc13	1.5	1.0	4.5	2.5	2.0	1.5	0.0	8.5	4.5	1.0	0.7	3.5	0.5	1.5	4.5	1.5	0.5	1.5	1.5	1.5	1.5	2.5	8.5	2.0	3.5	1.5	1.5	1.5	3.0	0.5
515rcbc12	7.0	9.5	13.0	11.0	6.5	7.0	8.5	0.0	4.0	7.5	7.8	12.0	8.0	7.0	13.0	7.0	8.0	7.0	7.0	7.0	7.0	11.0	0.0	6.5	12.0	7.0	7.0	7.0	5.5	9.0
515rcbc15	3.0	5.5	9.0	7.0	2.5	3.0	4.5	4.0	0.0	3.5	3.8	8.0	4.0	3.0	9.0	3.0	4.0	3.0	3.0	3.0	3.0	7.0	4.0	2.5	8.0	3.0	3.0	3.0	1.5	5.0
515rcbc14	0.5	2.0	5.5	3.5	1.0	0.5	1.0	7.5	3.5	0.0	0.3	4.5	0.5	0.5	5.5	0.5	0.5	0.5	0.5	0.5	0.5	3.5	7.5	1.0	4.5	0.5	0.5	0.5	2.0	1.5
515rcbc17	0.8	1.7	5.2	3.2	1.3	0.8	0.7	7.8	3.8	0.3	0.0	4.2	0.2	0.8	5.2	0.8	0.2	0.8	0.8	0.8	0.8	3.2	7.8	1.3	4.2	0.8	0.8	0.8	2.3	1.2
515rcbc16	5.0	2.5	1.0	1.0	5.5	5.0	3.5	12.0	8.0	4.5	4.2	0.0	4.0	5.0	1.0	5.0	4.0	5.0	5.0	5.0	5.0	1.0	12.0	5.5	0.0	5.0	5.0	5.0	6.5	3.0
515rcbc37	1.0	1.5	5.0	3.0	1.5	1.0	0.5	8.0	4.0	0.5	0.2	4.0	0.0	1.0	5.0	1.0	0.0	1.0	1.0	1.0	1.0	3.0	8.0	1.5	4.0	1.0	1.0	1.0	2.5	1.0
515rcbc36	0.0	2.5	6.0	4.0	0.5	0.0	1.5	7.0	3.0	0.5	0.8	5.0	1.0	0.0	6.0	0.0	1.0	0.0	0.0	0.0	0.0	4.0	7.0	0.5	5.0	0.0	0.0	0.0	1.5	2.0
515rcbc35	6.0	3.5	0.0	2.0	6.5	6.0	4.5	13.0	9.0	5.5	5.2	1.0	5.0	6.0	0.0	6.0	5.0	6.0	6.0	6.0	6.0	2.0	13.0	6.5	1.0	6.0	6.0	6.0	7.5	4.0
515rcbc34	0.0	2.5	6.0	4.0	0.5	0.0	1.5	7.0	3.0	0.5	0.8	5.0	1.0	0.0	6.0	0.0	1.0	0.0	0.0	0.0	0.0	4.0	7.0	0.5	5.0	0.0	0.0	0.0	1.5	2.0
515rcbc33	1.0	1.5	5.0	3.0	1.5	1.0	0.5	8.0	4.0	0.5	0.2	4.0	0.0	1.0	5.0	1.0	0.0	1.0	1.0	1.0	1.0	3.0	8.0	1.5	4.0	1.0	1.0	1.0	2.5	1.0
515rcbc32	0.0	2.5	6.0	4.0	0.5	0.0	1.5	7.0	3.0	0.5	0.8	5.0	1.0	0.0	6.0	0.0	1.0	0.0	0.0	0.0	0.0	4.0	7.0	0.5	5.0	0.0	0.0	0.0	1.5	2.0
515rcbc20	0.0	2.5	6.0	4.0	0.5	0.0	1.5	7.0	3.0	0.5	0.8	5.0	1.0	0.0	6.0	0.0	1.0	0.0	0.0	0.0	0.0	4.0	7.0	0.5	5.0	0.0	0.0	0.0	1.5	2.0
515rcbc21	0.0	2.5	6.0	4.0	0.5	0.0	1.5	7.0	3.0	0.5	0.8	5.0	1.0	0.0	6.0	0.0	1.0	0.0	0.0	0.0	0.0	4.0	7.0	0.5	5.0	0.0	0.0	0.0	1.5	2.0
515rcbc22	0.0	2.5	6.0	4.0	0.5	0.0	1.5	7.0	3.0	0.5	0.8	5.0	1.0	0.0	6.0	0.0	1.0	0.0	0.0	0.0	0.0	4.0	7.0	0.5	5.0	0.0	0.0	0.0	1.5	2.0
515rcbc23	4.0	1.5	2.0	0.0	4.5	4.0	2.5	11.0	7.0	3.5	3.2	1.0	3.0	4.0	2.0	4.0	3.0	4.0	4.0	4.0	4.0	0.0	11.0	4.5	1.0	4.0	4.0	4.0	5.5	2.0
515rcbc24	7.0	9.5	13.0	11.0	6.5	7.0	8.5	0.0	4.0	7.5	7.8	12.0	8.0	7.0	13.0	7.0	8.0	7.0	7.0	7.0	7.0	11.0	0.0	6.5	12.0	7.0	7.0	7.0	5.5	9.0
515rcbc25	0.5	3.0	6.5	4.5	0.0	0.5	2.0	6.5	2.5	1.0	1.3	5.5	1.5	0.5	6.5	0.5	1.5	0.5	0.5	0.5	0.5	4.5	6.5	0.0	5.5	0.5	0.5	0.5	1.0	2.5
515rcbc26	5.0	2.5	1.0	1.0	5.5	5.0	3.5	12.0	8.0	4.5	4.2	0.0	4.0	5.0	1.0	5.0	4.0	5.0	5.0	5.0	5.0	1.0	12.0	5.5	0.0	5.0	5.0	5.0	6.5	3.0
515rcbc27	0.0	2.5	6.0	4.0	0.5	0.0	1.5	7.0	3.0	0.5	0.8	5.0	1.0	0.0	6.0	0.0	1.0	0.0	0.0	0.0	0.0	4.0	7.0	0.5	5.0	0.0	0.0	0.0	1.5	2.0
515rcbc28	0.0	2.5	6.0	4.0	0.5	0.0	1.5	7.0	3.0	0.5	0.8	5.0	1.0	0.0	6.0	0.0	1.0	0.0	0.0	0.0	0.0	4.0	7.0	0.5	5.0	0.0	0.0	0.0	1.5	2.0
515rcbc29	0.0	2.5	6.0	4.0	0.5	0.0	1.5	7.0	3.0	0.5	0.8	5.0	1.0	0.0	6.0	0.0	1.0	0.0	0.0	0.0	0.0	4.0	7.0	0.5	5.0	0.0	0.0	0.0	1.5	2.0
515rcbc30	1.5	4.0	7.5	5.5	1.0	1.5	3.0	5.5	1.5	2.0	2.3	6.5	2.5	1.5	7.5	1.5	2.5	1.5	1.5	1.5	1.5	5.5	5.5	1.0	6.5	1.5	1.5	1.5	0.0	3.5
515rcbc31	2.0	0.5	4.0	2.0	2.5	2.0	0.5	9.0	5.0	1.5	1.2	3.0	1.0	2.0	4.0	2.0	1.0	2.0	2.0	2.0	2.0	2.0	9.0	2.5	3.0	2.0	2.0	2.0	3.5	0.0