	515rcbc9	515rcbc8	515rcbc19	515rcbc18	515rcbc11	515rcbc10	515rcbc13	515rcbc12	515rcbc15	515rcbc14	515rcbc17	515rcbc16	515rcbc37	515rcbc36	515rcbc35	515rcbc34	515rcbc33	515rcbc32	515rcbc20	515rcbc21	515rcbc22	515rcbc23	515rcbc24	515rcbc25	515rcbc26	515rcbc27	515rcbc28	515rcbc29	515rcbc30	515rcbc31
515rcbc9	0.0	0.6	3.4	2.9	0.6	3.4	0.1	0.1	0.6	0.1	0.6	0.1	0.6	2.9	3.4	3.4	3.4	3.4	0.6	3.4	0.9	0.1	2.4	0.6	3.4	3.4	0.6	0.9	2.9	2.4
515rcbc8	0.6	0.0	4.0	3.5	0.0	4.0	0.5	0.5	0.0	0.5	0.0	0.5	0.0	3.5	4.0	4.0	4.0	4.0	0.0	4.0	1.5	0.7	3.0	0.0	4.0	4.0	0.0	1.5	3.5	3.0
515rcbc19	3.4	4.0	0.0	0.5	4.0	0.0	3.5	3.5	4.0	3.5	4.0	3.5	4.0	0.5	0.0	0.0	0.0	0.0	4.0	0.0	2.5	3.3	1.0	4.0	0.0	0.0	4.0	2.5	0.5	1.0
515rcbc18	2.9	3.5	0.5	0.0	3.5	0.5	3.0	3.0	3.5	3.0	3.5	3.0	3.5	0.0	0.5	0.5	0.5	0.5	3.5	0.5	2.0	2.8	0.5	3.5	0.5	0.5	3.5	2.0	0.0	0.5
515rcbc11	0.6	0.0	4.0	3.5	0.0	4.0	0.5	0.5	0.0	0.5	0.0	0.5	0.0	3.5	4.0	4.0	4.0	4.0	0.0	4.0	1.5	0.7	3.0	0.0	4.0	4.0	0.0	1.5	3.5	3.0
515rcbc10	3.4	4.0	0.0	0.5	4.0	0.0	3.5	3.5	4.0	3.5	4.0	3.5	4.0	0.5	0.0	0.0	0.0	0.0	4.0	0.0	2.5	3.3	1.0	4.0	0.0	0.0	4.0	2.5	0.5	1.0
515rcbc13	0.1	0.5	3.5	3.0	0.5	3.5	0.0	0.0	0.5	0.0	0.5	0.0	0.5	3.0	3.5	3.5	3.5	3.5	0.5	3.5	1.0	0.2	2.5	0.5	3.5	3.5	0.5	1.0	3.0	2.5
515rcbc12	0.1	0.5	3.5	3.0	0.5	3.5	0.0	0.0	0.5	0.0	0.5	0.0	0.5	3.0	3.5	3.5	3.5	3.5	0.5	3.5	1.0	0.2	2.5	0.5	3.5	3.5	0.5	1.0	3.0	2.5
515rcbc15	0.6	0.0	4.0	3.5	0.0	4.0	0.5	0.5	0.0	0.5	0.0	0.5	0.0	3.5	4.0	4.0	4.0	4.0	0.0	4.0	1.5	0.7	3.0	0.0	4.0	4.0	0.0	1.5	3.5	3.0
515rcbc14	0.1	0.5	3.5	3.0	0.5	3.5	0.0	0.0	0.5	0.0	0.5	0.0	0.5	3.0	3.5	3.5	3.5	3.5	0.5	3.5	1.0	0.2	2.5	0.5	3.5	3.5	0.5	1.0	3.0	2.5
515rcbc17	0.6	0.0	4.0	3.5	0.0	4.0	0.5	0.5	0.0	0.5	0.0	0.5	0.0	3.5	4.0	4.0	4.0	4.0	0.0	4.0	1.5	0.7	3.0	0.0	4.0	4.0	0.0	1.5	3.5	3.0
515rcbc16	0.1	0.5	3.5	3.0	0.5	3.5	0.0	0.0	0.5	0.0	0.5	0.0	0.5	3.0	3.5	3.5	3.5	3.5	0.5	3.5	1.0	0.2	2.5	0.5	3.5	3.5	0.5	1.0	3.0	2.5
515rcbc37	0.6	0.0	4.0	3.5	0.0	4.0	0.5	0.5	0.0	0.5	0.0	0.5	0.0	3.5	4.0	4.0	4.0	4.0	0.0	4.0	1.5	0.7	3.0	0.0	4.0	4.0	0.0	1.5	3.5	3.0
515rcbc36	2.9	3.5	0.5	0.0	3.5	0.5	3.0	3.0	3.5	3.0	3.5	3.0	3.5	0.0	0.5	0.5	0.5	0.5	3.5	0.5	2.0	2.8	0.5	3.5	0.5	0.5	3.5	2.0	0.0	0.5
515rcbc35	3.4	4.0	0.0	0.5	4.0	0.0	3.5	3.5	4.0	3.5	4.0	3.5	4.0	0.5	0.0	0.0	0.0	0.0	4.0	0.0	2.5	3.3	1.0	4.0	0.0	0.0	4.0	2.5	0.5	1.0
515rcbc34	3.4	4.0	0.0	0.5	4.0	0.0	3.5	3.5	4.0	3.5	4.0	3.5	4.0	0.5	0.0	0.0	0.0	0.0	4.0	0.0	2.5	3.3	1.0	4.0	0.0	0.0	4.0	2.5	0.5	1.0
515rcbc33	3.4	4.0	0.0	0.5	4.0	0.0	3.5	3.5	4.0	3.5	4.0	3.5	4.0	0.5	0.0	0.0	0.0	0.0	4.0	0.0	2.5	3.3	1.0	4.0	0.0	0.0	4.0	2.5	0.5	1.0
515rcbc32	3.4	4.0	0.0	0.5	4.0	0.0	3.5	3.5	4.0	3.5	4.0	3.5	4.0	0.5	0.0	0.0	0.0	0.0	4.0	0.0	2.5	3.3	1.0	4.0	0.0	0.0	4.0	2.5	0.5	1.0
515rcbc20	0.6	0.0	4.0	3.5	0.0	4.0	0.5	0.5	0.0	0.5	0.0	0.5	0.0	3.5	4.0	4.0	4.0	4.0	0.0	4.0	1.5	0.7	3.0	0.0	4.0	4.0	0.0	1.5	3.5	3.0
515rcbc21	3.4	4.0	0.0	0.5	4.0	0.0	3.5	3.5	4.0	3.5	4.0	3.5	4.0	0.5	0.0	0.0	0.0	0.0	4.0	0.0	2.5	3.3	1.0	4.0	0.0	0.0	4.0	2.5	0.5	1.0
515rcbc22	0.9	1.5	2.5	2.0	1.5	2.5	1.0	1.0	1.5	1.0	1.5	1.0	1.5	2.0	2.5	2.5	2.5	2.5	1.5	2.5	0.0	0.8	1.5	1.5	2.5	2.5	1.5	0.0	2.0	1.5
515rcbc23	0.1	0.7	3.3	2.8	0.7	3.3	0.2	0.2	0.7	0.2	0.7	0.2	0.7	2.8	3.3	3.3	3.3	3.3	0.7	3.3	0.8	0.0	2.3	0.7	3.3	3.3	0.7	0.8	2.8	2.3
515rcbc24	2.4	3.0	1.0	0.5	3.0	1.0	2.5	2.5	3.0	2.5	3.0	2.5	3.0	0.5	1.0	1.0	1.0	1.0	3.0	1.0	1.5	2.3	0.0	3.0	1.0	1.0	3.0	1.5	0.5	0.0
515rcbc25	0.6	0.0	4.0	3.5	0.0	4.0	0.5	0.5	0.0	0.5	0.0	0.5	0.0	3.5	4.0	4.0	4.0	4.0	0.0	4.0	1.5	0.7	3.0	0.0	4.0	4.0	0.0	1.5	3.5	3.0
515rcbc26	3.4	4.0	0.0	0.5	4.0	0.0	3.5	3.5	4.0	3.5	4.0	3.5	4.0	0.5	0.0	0.0	0.0	0.0	4.0	0.0	2.5	3.3	1.0	4.0	0.0	0.0	4.0	2.5	0.5	1.0
515rcbc27	3.4	4.0	0.0	0.5	4.0	0.0	3.5	3.5	4.0	3.5	4.0	3.5	4.0	0.5	0.0	0.0	0.0	0.0	4.0	0.0	2.5	3.3	1.0	4.0	0.0	0.0	4.0	2.5	0.5	1.0
515rcbc28	0.6	0.0	4.0	3.5	0.0	4.0	0.5	0.5	0.0	0.5	0.0	0.5	0.0	3.5	4.0	4.0	4.0	4.0	0.0	4.0	1.5	0.7	3.0	0.0	4.0	4.0	0.0	1.5	3.5	3.0
515rcbc29	0.9	1.5	2.5	2.0	1.5	2.5	1.0	1.0	1.5	1.0	1.5	1.0	1.5	2.0	2.5	2.5	2.5	2.5	1.5	2.5	0.0	0.8	1.5	1.5	2.5	2.5	1.5	0.0	2.0	1.5
515rcbc30	2.9	3.5	0.5	0.0	3.5	0.5	3.0	3.0	3.5	3.0	3.5	3.0	3.5	0.0	0.5	0.5	0.5	0.5	3.5	0.5	2.0	2.8	0.5	3.5	0.5	0.5	3.5	2.0	0.0	0.5
515rcbc31	2.4	3.0	1.0	0.5	3.0	1.0	2.5	2.5	3.0	2.5	3.0	2.5	3.0	0.5	1.0	1.0	1.0	1.0	3.0	1.0	1.5	2.3	0.0	3.0	1.0	1.0	3.0	1.5	0.5	0.0