	515rcbc9	515rcbc8	515rcbc19	515rcbc18	515rcbc11	515rcbc10	515rcbc13	515rcbc12	515rcbc15	515rcbc14	515rcbc17	515rcbc16	515rcbc37	515rcbc36	515rcbc35	515rcbc34	515rcbc33	515rcbc32	515rcbc20	515rcbc21	515rcbc22	515rcbc23	515rcbc24	515rcbc25	515rcbc26	515rcbc27	515rcbc28	515rcbc29	515rcbc30	515rcbc31
515rcbc9	0.0	3.0	2.0	0.0	0.0	0.0	2.0	3.0	3.0	0.0	3.0	0.0	3.0	2.0	0.0	0.0	0.0	0.0	4.0	2.0	2.0	0.0	0.0	2.0	1.0	0.0	2.0	1.0	0.0	0.0
515rcbc8	3.0	0.0	1.0	3.0	3.0	3.0	1.0	0.0	0.0	3.0	0.0	3.0	0.0	1.0	3.0	3.0	3.0	3.0	1.0	1.0	1.0	3.0	3.0	1.0	2.0	3.0	1.0	2.0	3.0	3.0
515rcbc19	2.0	1.0	0.0	2.0	2.0	2.0	0.0	1.0	1.0	2.0	1.0	2.0	1.0	0.0	2.0	2.0	2.0	2.0	2.0	0.0	0.0	2.0	2.0	0.0	1.0	2.0	0.0	1.0	2.0	2.0
515rcbc18	0.0	3.0	2.0	0.0	0.0	0.0	2.0	3.0	3.0	0.0	3.0	0.0	3.0	2.0	0.0	0.0	0.0	0.0	4.0	2.0	2.0	0.0	0.0	2.0	1.0	0.0	2.0	1.0	0.0	0.0
515rcbc11	0.0	3.0	2.0	0.0	0.0	0.0	2.0	3.0	3.0	0.0	3.0	0.0	3.0	2.0	0.0	0.0	0.0	0.0	4.0	2.0	2.0	0.0	0.0	2.0	1.0	0.0	2.0	1.0	0.0	0.0
515rcbc10	0.0	3.0	2.0	0.0	0.0	0.0	2.0	3.0	3.0	0.0	3.0	0.0	3.0	2.0	0.0	0.0	0.0	0.0	4.0	2.0	2.0	0.0	0.0	2.0	1.0	0.0	2.0	1.0	0.0	0.0
515rcbc13	2.0	1.0	0.0	2.0	2.0	2.0	0.0	1.0	1.0	2.0	1.0	2.0	1.0	0.0	2.0	2.0	2.0	2.0	2.0	0.0	0.0	2.0	2.0	0.0	1.0	2.0	0.0	1.0	2.0	2.0
515rcbc12	3.0	0.0	1.0	3.0	3.0	3.0	1.0	0.0	0.0	3.0	0.0	3.0	0.0	1.0	3.0	3.0	3.0	3.0	1.0	1.0	1.0	3.0	3.0	1.0	2.0	3.0	1.0	2.0	3.0	3.0
515rcbc15	3.0	0.0	1.0	3.0	3.0	3.0	1.0	0.0	0.0	3.0	0.0	3.0	0.0	1.0	3.0	3.0	3.0	3.0	1.0	1.0	1.0	3.0	3.0	1.0	2.0	3.0	1.0	2.0	3.0	3.0
515rcbc14	0.0	3.0	2.0	0.0	0.0	0.0	2.0	3.0	3.0	0.0	3.0	0.0	3.0	2.0	0.0	0.0	0.0	0.0	4.0	2.0	2.0	0.0	0.0	2.0	1.0	0.0	2.0	1.0	0.0	0.0
515rcbc17	3.0	0.0	1.0	3.0	3.0	3.0	1.0	0.0	0.0	3.0	0.0	3.0	0.0	1.0	3.0	3.0	3.0	3.0	1.0	1.0	1.0	3.0	3.0	1.0	2.0	3.0	1.0	2.0	3.0	3.0
515rcbc16	0.0	3.0	2.0	0.0	0.0	0.0	2.0	3.0	3.0	0.0	3.0	0.0	3.0	2.0	0.0	0.0	0.0	0.0	4.0	2.0	2.0	0.0	0.0	2.0	1.0	0.0	2.0	1.0	0.0	0.0
515rcbc37	3.0	0.0	1.0	3.0	3.0	3.0	1.0	0.0	0.0	3.0	0.0	3.0	0.0	1.0	3.0	3.0	3.0	3.0	1.0	1.0	1.0	3.0	3.0	1.0	2.0	3.0	1.0	2.0	3.0	3.0
515rcbc36	2.0	1.0	0.0	2.0	2.0	2.0	0.0	1.0	1.0	2.0	1.0	2.0	1.0	0.0	2.0	2.0	2.0	2.0	2.0	0.0	0.0	2.0	2.0	0.0	1.0	2.0	0.0	1.0	2.0	2.0
515rcbc35	0.0	3.0	2.0	0.0	0.0	0.0	2.0	3.0	3.0	0.0	3.0	0.0	3.0	2.0	0.0	0.0	0.0	0.0	4.0	2.0	2.0	0.0	0.0	2.0	1.0	0.0	2.0	1.0	0.0	0.0
515rcbc34	0.0	3.0	2.0	0.0	0.0	0.0	2.0	3.0	3.0	0.0	3.0	0.0	3.0	2.0	0.0	0.0	0.0	0.0	4.0	2.0	2.0	0.0	0.0	2.0	1.0	0.0	2.0	1.0	0.0	0.0
515rcbc33	0.0	3.0	2.0	0.0	0.0	0.0	2.0	3.0	3.0	0.0	3.0	0.0	3.0	2.0	0.0	0.0	0.0	0.0	4.0	2.0	2.0	0.0	0.0	2.0	1.0	0.0	2.0	1.0	0.0	0.0
515rcbc32	0.0	3.0	2.0	0.0	0.0	0.0	2.0	3.0	3.0	0.0	3.0	0.0	3.0	2.0	0.0	0.0	0.0	0.0	4.0	2.0	2.0	0.0	0.0	2.0	1.0	0.0	2.0	1.0	0.0	0.0
515rcbc20	4.0	1.0	2.0	4.0	4.0	4.0	2.0	1.0	1.0	4.0	1.0	4.0	1.0	2.0	4.0	4.0	4.0	4.0	0.0	2.0	2.0	4.0	4.0	2.0	3.0	4.0	2.0	3.0	4.0	4.0
515rcbc21	2.0	1.0	0.0	2.0	2.0	2.0	0.0	1.0	1.0	2.0	1.0	2.0	1.0	0.0	2.0	2.0	2.0	2.0	2.0	0.0	0.0	2.0	2.0	0.0	1.0	2.0	0.0	1.0	2.0	2.0
515rcbc22	2.0	1.0	0.0	2.0	2.0	2.0	0.0	1.0	1.0	2.0	1.0	2.0	1.0	0.0	2.0	2.0	2.0	2.0	2.0	0.0	0.0	2.0	2.0	0.0	1.0	2.0	0.0	1.0	2.0	2.0
515rcbc23	0.0	3.0	2.0	0.0	0.0	0.0	2.0	3.0	3.0	0.0	3.0	0.0	3.0	2.0	0.0	0.0	0.0	0.0	4.0	2.0	2.0	0.0	0.0	2.0	1.0	0.0	2.0	1.0	0.0	0.0
515rcbc24	0.0	3.0	2.0	0.0	0.0	0.0	2.0	3.0	3.0	0.0	3.0	0.0	3.0	2.0	0.0	0.0	0.0	0.0	4.0	2.0	2.0	0.0	0.0	2.0	1.0	0.0	2.0	1.0	0.0	0.0
515rcbc25	2.0	1.0	0.0	2.0	2.0	2.0	0.0	1.0	1.0	2.0	1.0	2.0	1.0	0.0	2.0	2.0	2.0	2.0	2.0	0.0	0.0	2.0	2.0	0.0	1.0	2.0	0.0	1.0	2.0	2.0
515rcbc26	1.0	2.0	1.0	1.0	1.0	1.0	1.0	2.0	2.0	1.0	2.0	1.0	2.0	1.0	1.0	1.0	1.0	1.0	3.0	1.0	1.0	1.0	1.0	1.0	0.0	1.0	1.0	0.0	1.0	1.0
515rcbc27	0.0	3.0	2.0	0.0	0.0	0.0	2.0	3.0	3.0	0.0	3.0	0.0	3.0	2.0	0.0	0.0	0.0	0.0	4.0	2.0	2.0	0.0	0.0	2.0	1.0	0.0	2.0	1.0	0.0	0.0
515rcbc28	2.0	1.0	0.0	2.0	2.0	2.0	0.0	1.0	1.0	2.0	1.0	2.0	1.0	0.0	2.0	2.0	2.0	2.0	2.0	0.0	0.0	2.0	2.0	0.0	1.0	2.0	0.0	1.0	2.0	2.0
515rcbc29	1.0	2.0	1.0	1.0	1.0	1.0	1.0	2.0	2.0	1.0	2.0	1.0	2.0	1.0	1.0	1.0	1.0	1.0	3.0	1.0	1.0	1.0	1.0	1.0	0.0	1.0	1.0	0.0	1.0	1.0
515rcbc30	0.0	3.0	2.0	0.0	0.0	0.0	2.0	3.0	3.0	0.0	3.0	0.0	3.0	2.0	0.0	0.0	0.0	0.0	4.0	2.0	2.0	0.0	0.0	2.0	1.0	0.0	2.0	1.0	0.0	0.0
515rcbc31	0.0	3.0	2.0	0.0	0.0	0.0	2.0	3.0	3.0	0.0	3.0	0.0	3.0	2.0	0.0	0.0	0.0	0.0	4.0	2.0	2.0	0.0	0.0	2.0	1.0	0.0	2.0	1.0	0.0	0.0