# Constructed from biom file
#OTU ID	515rcbc8	515rcbc9	515rcbc10	515rcbc11	515rcbc12	515rcbc13	515rcbc14	515rcbc15	515rcbc16	515rcbc17	515rcbc18	515rcbc19	515rcbc21	515rcbc22	515rcbc23	515rcbc24	515rcbc25	515rcbc26	515rcbc27	515rcbc28	515rcbc29	515rcbc30	515rcbc31	515rcbc32	515rcbc33	515rcbc34	515rcbc35	515rcbc36	515rcbc37
k__Archaea;p__Crenarchaeota;c__MBGA	9.84445757039e-05	0.0	0.0	0.0	0.0	0.0	0.0	0.0	2.91779974557e-05	0.0	0.0	0.0	0.0	0.0	0.0	0.0	8.87963254466e-05	0.0	0.0	0.0	6.13248623257e-06	0.0	0.0	9.13100249276e-06	0.0	0.0	0.0	0.0	0.0
k__Archaea;p__Crenarchaeota;c__MCG	0.0	0.0	0.0	1.03197044437e-05	7.14764095684e-07	0.0	0.0	0.0	0.0	0.0	0.0	0.0	0.0	0.0	0.0	0.0	0.0	0.0	0.0	0.0	0.0	7.52909997139e-06	0.0	0.0	0.0	0.0	0.0	0.0	0.0
k__Archaea;p__Crenarchaeota;c__Thaumarchaeota	0.0129454617051	0.0490304415616	0.01600863387	0.0113207157747	0.00160393063071	0.0225030205397	0.028314603025	0.0260268017465	0.029656516614	0.0368283896681	0.0340614999304	0.0193803568822	0.01484430568	0.0164272525754	0.0319166215485	0.0602662218365	0.00544886542513	0.069515089861	0.0190232036473	0.0455120214512	0.0314596543731	0.0645168576548	0.00873807730924	0.00657432179479	0.0180175771693	0.04367103377	0.0326972319742	0.00520681831404	0.0217362731246
k__Archaea;p__Euryarchaeota;c__Methanobacteria	0.0	3.02750488185e-05	5.62100908355e-06	0.0	2.64462715403e-05	0.0	0.0	0.0	0.0	0.0	0.0	1.39026950374e-05	0.0	0.0	2.70709258257e-05	0.0	0.0	0.0	0.0	0.0	0.0	1.50581999428e-05	0.0	0.0	0.0	0.0	0.0	0.0	0.0
k__Archaea;p__Euryarchaeota;c__Methanomicrobia	0.0	4.54125732278e-05	0.0	0.0	1.50100460094e-05	0.0	0.0	0.0	0.0	0.0	9.27600760633e-06	0.0	0.0	0.0	0.0	0.0	0.0	0.0	0.0	0.0	0.0	0.0	0.0	0.0	0.0	0.0	0.0	0.0	0.0
k__Archaea;p__Euryarchaeota;c__Thermoplasmata	0.0	0.0	5.62100908355e-06	0.0	2.85905638274e-06	0.0	0.0	0.0	0.0	0.0	0.0	0.0	0.0	0.0	0.0	5.63551728413e-06	0.0	0.0	0.0	0.0	0.0	0.000361396798627	0.0	0.0	0.0	0.0	0.0	0.0	0.0
k__Archaea;p__[Parvarchaeota];c__[Micrarchaea]	0.0	0.0	0.0	0.0	0.0	0.0	0.0	0.0	0.0	0.0	0.0	0.0	0.0	0.0	0.0	0.0	0.0	1.99469411366e-05	0.0	0.0	0.0	5.27036997997e-05	0.0	0.0	0.0	0.0	0.0	0.0	0.0
k__Archaea;p__[Parvarchaeota];c__[Parvarchaea]	2.4611143926e-05	0.0	0.0	0.0	0.0	1.67807759431e-05	4.13472590902e-05	0.0	0.0	0.0	3.71040304253e-05	6.95134751872e-06	6.46609457125e-05	2.05726394182e-05	4.06063887385e-05	6.19906901254e-05	0.0	0.0	0.0	0.0	6.13248623257e-06	0.0	0.0	2.73930074783e-05	3.91473702754e-05	6.66733340001e-05	0.0	0.0	0.0
k__Bacteria;p__;c__	9.84445757039e-05	0.000227062866139	0.000202356327008	0.000257992611092	0.00030806332524	0.000973285004699	0.000363855879994	0.000207911996522	8.7533992367e-05	8.62267187859e-05	0.000213348174946	0.000173783687968	0.000184745559179	0.000375450669382	5.41418516513e-05	0.000214149656797	8.07239322242e-05	0.000246012274018	0.000233056093689	0.000484265844013	0.00021463701814	0.000127994699514	3.921937751e-05	2.73930074783e-05	0.000234884221652	5.00050005001e-05	0.000196971276953	2.90883704695e-05	0.000230013472218
k__Bacteria;p__AC1;c__	0.0	0.0	0.0	0.0	0.0	0.0	0.0	0.0	0.0	0.0	0.0	0.0	0.0	0.0	0.0	0.0	0.0	0.0	0.0	0.0	0.0	7.52909997139e-06	0.0	0.0	0.0	0.0	0.0	0.0	0.0
k__Bacteria;p__AD3;c__ABS-6	0.000147666863556	0.0	3.37260545013e-05	1.03197044437e-05	0.0	0.0	8.26945181804e-06	0.0	2.91779974557e-05	0.0	0.0	6.95134751872e-06	0.0	0.0	0.0	0.0	4.84343593345e-05	0.0	0.0	0.0	0.0	8.28200996853e-05	0.0	0.00010044102742	0.0	0.0	0.0	0.0	0.0
k__Bacteria;p__AD3;c__JG37-AG-4	0.0	0.0	0.0	0.0	0.0	0.0	0.0	0.0	5.83559949114e-06	0.0	0.0	0.0	0.0	0.0	0.0	0.0	0.000460126413678	1.32979607577e-05	0.0	0.0	0.0	0.0	0.0	0.0	0.0	0.0	0.0	0.0	0.0
k__Bacteria;p__Acidobacteria;c__	0.000270722583186	0.00119586442833	0.00251821206943	0.000670780788838	0.000722626500737	0.0031547858773	0.00131484283907	0.00145538397566	0.000735285535883	0.00177243810838	0.00778257038171	0.00155015049667	0.00798100815652	0.00194411442502	0.0005278830536	0.0015610382877	8.07239322242e-05	0.00528593940119	0.00109245043917	0.00156938005004	0.00482626666503	0.00121218509539	0.000345130522088	0.000383502104696	0.00104719215487	0.00433376671	0.00171480876406	0.000203618593286	0.00108434922617
k__Bacteria;p__Acidobacteria;c__AT-s54	2.4611143926e-05	7.56876220463e-05	5.0589081752e-05	6.1918226662e-05	4.57449021238e-05	0.000134246207545	0.000206736295451	0.000141758179447	0.0	0.000191614930635	0.000129864106489	8.34161702246e-05	0.00017550828122	0.000133722156218	8.1212777477e-05	0.000140887932103	4.03619661121e-05	6.64898037886e-06	0.000145660058555	0.000116582518003	1.22649724651e-05	0.00021834389917	2.3531626506e-05	0.000219144059826	2.93605277066e-05	8.33416675001e-05	5.79327285156e-05	8.72651114085e-05	0.000131436269839
k__Bacteria;p__Acidobacteria;c__Acidobacteria-5	0.0056851742469	0.0106719547085	0.0106799172587	0.00606798621287	0.0112625378557	0.0121828433347	0.00939409726529	0.00449845956112	0.00745206055018	0.0034969724841	0.00746718612309	0.00718769333435	0.0106505814866	0.00801818621325	0.0108554412561	0.00531992831622	0.00778985945963	0.00690164163326	0.00533115814313	0.00842981284022	0.00381440643666	0.00509720068063	0.00731833584337	0.00977017266726	0.00529468182975	0.0047838117145	0.00377721389922	0.00162894874629	0.00487957151776
k__Bacteria;p__Acidobacteria;c__Acidobacteria-6	0.0812413860996	0.0882669048304	0.124342341937	0.0933417266929	0.0968441020883	0.142871526379	0.086440579854	0.127733570227	0.0862793384764	0.116367747375	0.11846389314	0.114210639733	0.128749180192	0.110284776761	0.105969139145	0.136272443448	0.0682843742684	0.128571333586	0.149126767949	0.126249899111	0.102835661634	0.106062431297	0.116952183735	0.116082434691	0.0819843801993	0.113461346135	0.114973293012	0.0317063238117	0.0978050142937
k__Bacteria;p__Acidobacteria;c__Acidobacteriia	0.0662285883048	0.000454125732278	0.00264749527835	0.00594414975955	0.000149385695998	0.000134246207545	0.000206736295451	1.89010905929e-05	0.0152134078734	9.58074653177e-05	0.0	0.00440020297935	2.77118338768e-05	0.000262301152582	0.000433134813211	3.38131037048e-05	0.0751136189346	1.99469411366e-05	8.73960351332e-05	0.000152454062004	0.000993462769676	0.000316222198798	0.0121972264056	0.0310454084754	0.00184971324551	0.0001833516685	0.000220144368359	0.000959916225493	0.000427167876976
k__Bacteria;p__Acidobacteria;c__BPC102	0.000147666863556	0.000787151269281	0.000573342926522	0.000247672906648	0.000293768043326	0.000755134917439	0.000628478338171	0.00137032906799	0.000198410382699	0.000670652257224	0.00250452205371	0.000437934893679	0.00334389462113	0.000894909814692	0.000554953979426	0.00145959897659	2.42171796673e-05	0.0038364616786	0.000451546181522	0.000600848362016	0.00100572774214	0.00231896279119	0.00019609688755	0.000237406064812	0.0005969973967	0.002033536687	0.00250269387188	0.000174530222817	0.000328590674597
k__Bacteria;p__Acidobacteria;c__DA052	0.0295333727112	0.000590363451961	0.00190552207932	0.00147571773544	0.000420996052358	0.000486642502349	0.000388664235448	0.00016065927004	0.00452842520512	0.000373649114739	0.000306108251009	0.000556107801497	0.000212457393055	0.000390880148946	0.000351922035734	0.000360673106184	0.0154909225938	0.000226065332881	0.0002621881054	0.000313876010008	0.000607116137024	0.000444216898312	0.0023531626506	0.00514075440343	0.00152674744074	0.000650065006501	0.000521394556641	0.000290883704695	0.000361449742056
k__Bacteria;p__Acidobacteria;c__EC1113	0.00135361291593	0.000968801562193	0.000489027790269	0.000608862562176	6.36140045159e-05	0.000318834742919	0.000347316976358	0.000302417449487	0.000443505561326	0.000364068368207	0.00121515699643	0.000444886241198	0.000397202952234	0.000154294795637	0.000257173795344	0.000433934830878	0.000185665044116	0.000844420508115	0.000247622099544	0.000286972352007	0.000791090724001	0.00205544429219	0.00035297439759	0.000867445236813	0.00034253948991	0.000783411674501	0.00218985713789	2.90883704695e-05	0.000279302073407
k__Bacteria;p__Acidobacteria;c__GAL08	0.0	0.0	0.0	0.0	0.0	0.0	0.0	0.0	0.0	0.0	0.0	0.0	0.0	0.0	0.0	0.0	0.0	2.65959215154e-05	0.0	0.0	0.0	0.0	0.0	0.0	0.0	0.0	0.0	0.0	0.0
k__Bacteria;p__Acidobacteria;c__Holophagae	0.0	0.0	0.0	0.0	0.0	0.0	0.0	0.0	0.0	0.0	0.0	0.0	0.0	0.0	0.0	0.0	0.0	0.0	0.0	0.0	0.0	0.0	1.5687751004e-05	0.0	0.0	0.0	0.0	0.0	0.0
k__Bacteria;p__Acidobacteria;c__PAUC37f	0.000639889742075	0.003920618822	0.00323770123213	0.000206394088873	0.00222934921444	0.00355752449993	0.00340701414903	0.00236263632412	0.00159311866108	0.00260596305664	0.00382171513381	0.00245382567411	0.0039350804105	0.00256643676742	0.00259880887926	0.0040124883063	0.000169520257671	0.0115891728004	0.00161682664996	0.0038920625241	0.00413942820698	0.00391513198512	0.000690261044177	0.000575253157044	0.00344496858424	0.00558389172251	0.00383514662774	0.000203618593286	0.00185653731147
k__Bacteria;p__Acidobacteria;c__RB25	0.000295333727112	0.00168026520943	0.0025294540876	0.00050566551774	0.00472316114428	0.00600751778762	0.00316720004631	0.00538681081898	0.0011204351023	0.00216524871618	0.00576040072353	0.00164051801442	0.0123225287972	0.00565747584001	0.00120465619924	0.00359546002728	0.000484343593345	0.00564498434165	0.0028840691594	0.00278901254607	0.00258790919014	0.000926079296481	0.000972640562249	0.000538729147073	0.0034547554268	0.00873420675401	0.00192336658672	0.000349060445634	0.00174153057536
k__Bacteria;p__Acidobacteria;c__S035	0.0	0.0013018270992	0.000792562280781	9.2877339993e-05	0.000152244752381	0.000520204054235	0.000826945181804	0.000699340351938	0.000239259579137	0.00139878899364	0.00156764528547	0.000660378014278	0.000711270402838	0.000720042379637	0.000162425554954	0.00201187967043	1.61447864448e-05	0.00284576360215	0.000436980175666	0.00126447192603	0.000962800338513	0.00163381469379	0.000149033634538	3.65240099711e-05	0.000665505294682	0.002500250025	0.00106596220469	0.000116353481878	0.000591463214274
k__Bacteria;p__Acidobacteria;c__Solibacteres	0.0175477456192	0.00369355595586	0.0039628114039	0.00684196404615	0.00672735966858	0.00281917035844	0.00258833841905	0.00225868032585	0.007901401711	0.00177243810838	0.00185520152127	0.00711122851165	0.00266033605217	0.00274130420248	0.00619924201408	0.00229365553464	0.0241606729147	0.00156915936941	0.00286950315354	0.00329121416209	0.00322568775833	0.00203285699228	0.00650257279116	0.0149383200782	0.00439429231341	0.002100210021	0.00225937641211	0.00517772994357	0.00384451089278
k__Bacteria;p__Acidobacteria;c__Sva0725	0.00211655837763	0.00345135556531	0.00121413796205	0.00142411921323	0.00170399760411	0.00335615518862	0.00381221728812	0.00218307596348	0.000595231148096	0.00143711197977	0.00372895505774	0.00326018198628	0.00182898103587	0.00183610806807	0.00204385489984	0.00226547794822	0.000250244189895	0.00203458799593	0.00279667312426	0.00187428817405	0.00128168962261	0.00261259769007	0.000556915160643	0.002520156688	0.00153653428331	0.0020502050205	0.00339485789102	0.000261795334225	0.00152794663687
k__Bacteria;p__Acidobacteria;c__TM1	0.00556211852727	6.0550097637e-05	7.30731180862e-05	4.12788177747e-05	6.57582968029e-05	0.000134246207545	4.96167109082e-05	5.67032717788e-05	0.000192574783207	3.83229861271e-05	0.000111312091276	4.17080851123e-05	0.000101610057548	4.6288438691e-05	0.0	6.19906901254e-05	0.000516633166235	3.32449018943e-05	0.0	3.58715440009e-05	4.90598898605e-05	5.27036997997e-05	2.3531626506e-05	0.000538729147073	1.95736851377e-05	5.00050005001e-05	8.11058199219e-05	5.8176740939e-05	0.0
k__Bacteria;p__Acidobacteria;c__[Chloracidobacteria]	0.0220269738137	0.0615945868213	0.0319666786582	0.0323832325442	0.0361063082935	0.0506779433481	0.0320275868913	0.0284366907971	0.0297790642033	0.0231566643673	0.0401094568898	0.0403247669561	0.037568009459	0.0408572618846	0.0459122902003	0.0359207871691	0.0417988521057	0.0455388666148	0.0242669657553	0.039817413841	0.0310119828781	0.0384887590537	0.0296027861446	0.0298583781513	0.0292724461234	0.0400040004	0.112991993697	0.00660306009657	0.0370650280945
k__Bacteria;p__Acidobacteria;c__iii1-8	0.0044546170506	0.00333025537004	0.00217533051533	0.00283791872201	0.00075193182866	0.00451402872869	0.00258833841905	0.00577428317614	0.00109125710484	0.00227063692803	0.00422985946848	0.00240516624148	0.0053760957721	0.00341505814342	0.00342447211695	0.00418718934211	0.00319666771608	0.00331784120905	0.00276754111255	0.00190119183205	0.00340352985908	0.00604586727703	0.000870670180723	0.0035336979647	0.0038951633424	0.0044504450445	0.00455351246133	0.000494502297981	0.00905267308514
k__Bacteria;p__Actinobacteria;c__Acidimicrobiia	0.0101397912975	0.0171508151557	0.0212755193812	0.01409671627	0.0153981629133	0.0159585179219	0.0133717035898	0.0414500916703	0.0145014647355	0.0282727830153	0.0322712304624	0.010600804966	0.0209870955227	0.0174404550668	0.0157958852193	0.0203554884303	0.012157024193	0.0221544026224	0.0279667312426	0.0151467594544	0.0221382752996	0.0182053637308	0.00872238955823	0.00869271437311	0.0205817299223	0.031236456979	0.0172871261891	0.00378148816103	0.0210298031742
k__Bacteria;p__Actinobacteria;c__Actinobacteria	0.0375319944871	0.0441561587018	0.0343218814642	0.0382035458504	0.0282088798003	0.0259095180561	0.0383289091766	0.0495397584441	0.0483012569881	0.0544665440331	0.0369092342656	0.0436961705027	0.0210148073566	0.0394737518837	0.0402544667028	0.0388625271914	0.0400552151696	0.0224070638768	0.040129346132	0.0340241594849	0.0572528914673	0.0321718441777	0.0354150978916	0.0292466009843	0.0395486308207	0.0283528352835	0.0228602546723	0.168479841759	0.0477606545526
k__Bacteria;p__Actinobacteria;c__Coriobacteriia	0.0	0.0	5.62100908355e-06	0.0	0.0	0.0	0.0	0.0	0.0	0.0	0.0	6.95134751872e-06	0.0	0.0	0.0	1.12710345683e-05	0.0	0.0	0.0	0.0	0.0	7.52909997139e-06	0.0	0.0	9.78684256885e-06	0.0	1.15865457031e-05	0.0	0.0
k__Bacteria;p__Actinobacteria;c__MB-A2-108	0.000492222878519	0.0131393711872	0.0132149923554	0.00112484778436	0.00221290964024	0.00783662236542	0.0107006706525	0.0291643827849	0.000945367117564	0.0253889783092	0.0177635545661	0.00446276510702	0.00891397323037	0.0116132549516	0.00438548998376	0.0125897456127	0.000597357098459	0.0163298958105	0.0109973344209	0.00827735877822	0.0140188635277	0.0151259618425	0.00161583835341	0.00079439721687	0.015208753352	0.019835316865	0.00655798486797	0.000843562743615	0.00581605494036
k__Bacteria;p__Actinobacteria;c__Nitriliruptoria	0.0	0.0	0.0	0.0	1.42952819137e-06	0.0	4.96167109082e-05	1.89010905929e-05	0.0	2.87422395953e-05	1.85520152127e-05	0.0	0.0	0.0	0.0	1.12710345683e-05	0.0	6.64898037886e-06	0.0	0.0	0.0	2.25872999142e-05	0.0	0.0	0.0	0.0	1.15865457031e-05	0.0	1.64295337298e-05
k__Bacteria;p__Actinobacteria;c__OPB41	0.0	1.51375244093e-05	0.0	0.0	7.86240505252e-06	0.0	0.0	0.0	0.0	0.0	0.0	0.0	9.23727795893e-06	0.0	0.0	5.63551728413e-06	8.07239322242e-06	6.64898037886e-06	0.0	1.79357720005e-05	0.0	0.000225872999142	0.0	0.0	0.0	0.0	0.0	0.0	0.0
k__Bacteria;p__Actinobacteria;c__Rubrobacteria	2.4611143926e-05	0.00396603139523	0.00129283208922	0.000216713793317	0.00176546731634	0.00181232380185	0.0029356553954	0.00378966866388	0.00148224227075	0.00393768682456	0.00345067482955	0.00152929645412	0.00230931948973	0.00223213137688	0.0014753654575	0.00433934830878	1.61447864448e-05	0.00525934347968	0.00161682664996	0.00174873777005	0.00154538653061	0.00319233838787	0.000502008032129	3.65240099711e-05	0.00145823954276	0.0048838217155	0.00183067422109	5.8176740939e-05	0.000706469950383
k__Bacteria;p__Actinobacteria;c__Thermoleophilia	0.0563595195905	0.067649596585	0.0640345354798	0.0686363542548	0.0190870604111	0.0438146059874	0.0703730349715	0.148751582966	0.0625284485475	0.117488694719	0.085014609712	0.0333734194374	0.0452534247208	0.068316592348	0.0506632376827	0.0689336474195	0.103350850427	0.0562038311425	0.0788020916784	0.0653938247137	0.0849104043761	0.0747790209158	0.0483496485944	0.0564113334003	0.0841570592495	0.0986098609861	0.0612233074953	0.0155913665716	0.0734235862386
k__Bacteria;p__Armatimonadetes;c__	0.0	6.0550097637e-05	4.49680726684e-05	3.0959113331e-05	2.85905638274e-05	0.0	4.13472590902e-05	9.45054529646e-06	0.000163396785752	7.66459722542e-05	5.5656045638e-05	3.47567375936e-05	0.0	5.14315985455e-05	5.41418516513e-05	1.69065518524e-05	5.65067525569e-05	2.65959215154e-05	4.36980175666e-05	0.000125550404003	0.000122649724651	9.78782996281e-05	0.000109814257028	9.13100249276e-05	9.78684256885e-06	0.0	0.000162211639844	0.0	9.8577202379e-05
k__Bacteria;p__Armatimonadetes;c__0319-6E2	0.000196889151408	0.000136237719683	7.30731180862e-05	9.2877339993e-05	6.93321172814e-05	0.000100684655658	0.000140580680907	0.000604834898974	7.58627933848e-05	0.000191614930635	0.000389592319466	0.000180735035487	4.61863897947e-05	0.000174867435055	2.70709258257e-05	0.000281775864207	9.6868718669e-05	0.000651600077128	0.000145660058555	0.000134518290003	0.000367949173954	0.000308693098827	0.000133345883534	0.000228275062319	9.78684256885e-05	0.000300030003	0.000324423279688	0.000145441852347	9.8577202379e-05
k__Bacteria;p__Armatimonadetes;c__Armatimonadia	0.000147666863556	0.0	1.12420181671e-05	6.1918226662e-05	1.14362255309e-05	3.35615518862e-05	0.0	9.45054529646e-06	6.41915944025e-05	0.0	3.71040304253e-05	3.47567375936e-05	6.46609457125e-05	6.17179182546e-05	4.06063887385e-05	1.12710345683e-05	0.000209882223783	0.0	0.0	8.96788600023e-06	6.13248623257e-06	3.01163998856e-05	2.3531626506e-05	2.73930074783e-05	1.95736851377e-05	1.66683335e-05	0.0	0.0	3.28590674597e-05
k__Bacteria;p__Armatimonadetes;c__Chthonomonadetes	0.000541445166371	0.000105962670865	5.62100908355e-06	6.1918226662e-05	3.78824970713e-05	0.000184588535374	8.26945181804e-05	2.83516358894e-05	8.7533992367e-05	3.83229861271e-05	0.000222624182552	0.000118172907818	0.000101610057548	0.000164581115346	0.0	0.000135252414819	0.00076687735613	0.000159575529093	1.45660058555e-05	5.38073160014e-05	2.45299449303e-05	0.000210814799199	3.1375502008e-05	0.000611777167015	5.87210554131e-05	8.33416675001e-05	0.000254904005469	2.90883704695e-05	0.000213583938488
k__Bacteria;p__Armatimonadetes;c__OPB50	2.4611143926e-05	0.0	0.0	0.0	0.0	0.0	0.0	0.0	0.0	0.0	0.0	0.0	0.0	0.0	0.0	0.0	1.61447864448e-05	0.0	0.0	0.0	0.0	0.0	7.84387550201e-06	0.0	0.0	0.0	0.0	0.0	0.0
k__Bacteria;p__Armatimonadetes;c__SHA-37	0.0	0.0	0.0	0.0	0.0	0.0	0.0	0.0	0.0	0.0	0.0	2.78053900749e-05	0.0	0.0	0.0	0.0	0.0	0.0	0.0	0.0	0.0	0.0	7.84387550201e-06	0.0	0.0	0.0	0.0	0.0	0.0
k__Bacteria;p__Armatimonadetes;c__SJA-176	0.0	0.0	0.0	0.0	7.14764095684e-06	0.0	0.0	0.0	5.83559949114e-06	0.0	9.27600760633e-06	0.0	0.0	0.0	0.0	5.63551728413e-06	8.07239322242e-06	0.0	0.0	0.0	0.0	0.000504449698083	2.3531626506e-05	0.0	0.0	0.0	0.0	0.0	0.0
k__Bacteria;p__Armatimonadetes;c__[Fimbriimonadia]	0.000590667454223	0.000287612963776	5.62100908355e-05	0.000278632019979	0.000302345212474	0.000352396294805	0.000388664235448	0.000368571266562	0.000390985165906	0.000287422395953	0.000287556235796	0.000674280709316	0.00025864378285	0.000210869554037	0.000216567406605	0.000377579658037	0.000783022142575	0.000252661254397	0.000160226064411	0.000286972352007	9.81197797211e-05	0.000308693098827	0.000141189759036	0.000913100249276	0.00025445790679	0.000400040004	0.00142514512148	0.000290883704695	0.000476456478165
k__Bacteria;p__BHI80-139;c__	7.38334317779e-05	3.02750488185e-05	1.12420181671e-05	3.0959113331e-05	3.28791484015e-05	5.03423278292e-05	4.96167109082e-05	0.000122857088854	2.33423979645e-05	5.74844791906e-05	5.5656045638e-05	0.000166832340449	3.69491118357e-05	7.71473978183e-05	1.35354629128e-05	1.69065518524e-05	9.6868718669e-05	4.6542862652e-05	4.36980175666e-05	8.07109740021e-05	3.67949173954e-05	8.28200996853e-05	3.1375502008e-05	2.73930074783e-05	4.89342128443e-05	5.00050005001e-05	4.63461828125e-05	0.0	6.57181349193e-05
k__Bacteria;p__BRC1;c__NPL-UPA2	0.0	0.0	0.0	0.0	0.0	0.0	0.0	0.0	0.0	0.0	0.0	0.0	2.77118338768e-05	0.0	0.0	0.0	0.0	0.0	0.0	0.0	0.0	0.0	0.0	0.0	0.0	0.0	0.0	0.0	0.0
k__Bacteria;p__BRC1;c__PRR-11	0.000196889151408	0.000560088403143	0.000191114308841	0.00030959113331	0.000255885546255	8.39038797154e-05	0.00033904752454	0.000179560360633	0.000338464770486	0.000124549704913	0.000213348174946	0.000312810638342	0.000138559169384	0.000216012713891	0.000893340552247	0.000208514139513	0.00023409940345	5.31918430309e-05	0.000233056093689	0.000538073160014	0.000122649724651	0.000429158698369	0.000141189759036	0.000127834034899	0.000274031591928	0.0001833516685	1.15865457031e-05	0.000669032520798	0.000295731607137
k__Bacteria;p__Bacteroidetes;c__At12OctB3	0.0	9.08251464555e-05	2.81050454178e-05	0.000154795566655	4.64596662195e-05	0.000117465431602	3.30778072722e-05	1.89010905929e-05	0.000122547589314	1.91614930635e-05	2.7828022819e-05	4.8659432631e-05	2.77118338768e-05	4.11452788364e-05	9.47482403898e-05	3.94486209889e-05	0.0	4.6542862652e-05	2.91320117111e-05	1.79357720005e-05	3.67949173954e-05	3.01163998856e-05	3.1375502008e-05	1.82620049855e-05	6.8507897982e-05	6.66733340001e-05	0.0	8.72651114085e-05	0.000115006736109
k__Bacteria;p__Bacteroidetes;c__BME43	2.4611143926e-05	0.0	0.0	3.0959113331e-05	1.92986305835e-05	1.67807759431e-05	0.0	0.0	1.75067984734e-05	0.0	0.0	8.34161702246e-05	3.69491118357e-05	0.0	1.35354629128e-05	0.0	0.0	0.0	0.0	8.96788600023e-06	6.13248623257e-06	0.0	0.0	0.0	0.0	1.66683335e-05	0.0	2.90883704695e-05	0.0
k__Bacteria;p__Bacteroidetes;c__Bacteroidia	0.0	4.54125732278e-05	1.12420181671e-05	1.03197044437e-05	7.79092864296e-05	0.000100684655658	4.96167109082e-05	0.000113406543558	5.83559949114e-06	8.62267187859e-05	9.27600760633e-05	1.39026950374e-05	0.000157033725302	4.6288438691e-05	0.0	9.58037938302e-05	0.000121085898336	0.000119681646819	2.91320117111e-05	8.96788600023e-06	7.35898347908e-05	0.0027104759897	1.5687751004e-05	0.0	0.0	6.66733340001e-05	2.31730914063e-05	5.8176740939e-05	0.0
k__Bacteria;p__Bacteroidetes;c__Cytophagia	0.020279582595	0.0273080940343	0.0365253170249	0.0242513054426	0.0517532091121	0.0236441133038	0.0238821768505	0.0121723023418	0.0208097477854	0.0182800643826	0.0121793979871	0.019873902556	0.021356586641	0.019518291648	0.0545749864645	0.0143818401091	0.0139975298477	0.00962772358859	0.0210187464495	0.0239532235066	0.0206112862277	0.016315559638	0.0152484939759	0.0150022370956	0.0141322006694	0.010901090109	0.0103583718586	0.0402292163593	0.0302467715966
k__Bacteria;p__Bacteroidetes;c__Flavobacteriia	0.00310100413467	0.00646372292275	0.00736352189945	0.00552104187736	0.0169406238318	0.0099342193583	0.0110727959844	0.00431889920048	0.00806479849675	0.00414846324826	0.00383099114141	0.00574876439798	0.00766694070591	0.00625408238313	0.00843259339469	0.00303754381615	0.009291324599	0.00369683309065	0.012599595065	0.00687836856218	0.0218255185017	0.00242437019079	0.00639275853414	0.00318671986997	0.0040223922958	0.004033736707	0.00187702040391	0.0182965850253	0.00464955804554
k__Bacteria;p__Bacteroidetes;c__Sphingobacteriia	0.0090076786769	0.0108990175747	0.00749842611746	0.0114651916369	0.0169484862369	0.00840716874748	0.0130988116798	0.00500878900713	0.0154059826566	0.00619874300606	0.00573257270071	0.0136733005693	0.00862761761364	0.00912910874183	0.0133188955062	0.00469438589768	0.0102761565721	0.00435508214815	0.0109973344209	0.00912034006224	0.00975678559602	0.0062115074764	0.00978915662651	0.00802615119114	0.0073205582415	0.00610061006101	0.00415956990742	0.0966315666996	0.00962770676568
k__Bacteria;p__Bacteroidetes;c__VC2_1_Bac22	0.0	0.0	1.68630272507e-05	1.03197044437e-05	2.35872151576e-05	8.39038797154e-05	8.26945181804e-06	9.45054529646e-06	0.0	9.58074653177e-05	6.49320532443e-05	1.39026950374e-05	9.23727795893e-05	1.02863197091e-05	4.06063887385e-05	5.07196555572e-05	8.07239322242e-06	6.64898037886e-06	1.45660058555e-05	5.38073160014e-05	0.0	2.25872999142e-05	0.0	5.47860149566e-05	9.78684256885e-06	0.0	4.63461828125e-05	0.0	8.21476686492e-05
k__Bacteria;p__Bacteroidetes;c__[Rhodothermi]	0.0	0.0	5.62100908355e-06	1.03197044437e-05	0.0	0.0	0.0	0.0	0.0	0.0	9.27600760633e-06	0.0	0.0	0.0	2.70709258257e-05	0.0	0.0	0.0	0.0	0.0	0.0	2.25872999142e-05	0.0	0.0	0.0	0.0	0.0	0.0	0.0
k__Bacteria;p__Bacteroidetes;c__[Saprospirae]	0.036892104745	0.0445194592876	0.0397798812843	0.0526408123671	0.11101858887	0.0538159484495	0.0598708311626	0.0288336136995	0.0559225499236	0.0303422242661	0.0294513241501	0.0516902201492	0.042740885116	0.0464221608472	0.0745939361126	0.0336947578418	0.0515260859387	0.0210041290168	0.0420957569225	0.0456555076272	0.0406461187495	0.0242286437079	0.0503576807229	0.0458558945187	0.0379240149543	0.032603260326	0.0142977973977	0.0452033277096	0.0503400913482
k__Bacteria;p__Chlamydiae;c__Chlamydiia	4.92222878519e-05	6.0550097637e-05	2.24840363342e-05	5.15985222183e-05	7.57649941425e-05	3.35615518862e-05	3.30778072722e-05	1.89010905929e-05	8.7533992367e-05	1.91614930635e-05	0.0	2.78053900749e-05	6.46609457125e-05	5.65747584001e-05	4.06063887385e-05	7.32617246937e-05	0.000104941111891	0.000106383686062	4.36980175666e-05	2.69036580007e-05	5.51923760931e-05	7.52909997139e-06	0.00011765813253	7.30480199421e-05	4.89342128443e-05	0.000166683335	3.47596371094e-05	2.90883704695e-05	1.64295337298e-05
k__Bacteria;p__Chlorobi;c__	2.4611143926e-05	0.000227062866139	0.00026980843601	3.0959113331e-05	0.000852713566151	0.000117465431602	0.000372125331812	0.000141758179447	9.92051913493e-05	0.000182034184104	0.000213348174946	5.56107801497e-05	2.77118338768e-05	0.000282873792	0.000175961017867	3.38131037048e-05	0.000879890861244	6.64898037886e-05	0.0001310940527	3.58715440009e-05	0.000147179669582	0.000399042298484	3.1375502008e-05	0.000146096039884	0.000185950008808	0.000300030003	8.11058199219e-05	0.000116353481878	0.000624322281734
k__Bacteria;p__Chlorobi;c__BSV26	0.0	0.0	0.0	0.0	0.0	0.0	0.0	0.0	0.0	0.0	6.49320532443e-05	0.0	0.0	0.0	0.0	0.0	0.0	6.64898037886e-06	0.0	2.69036580007e-05	1.83974586977e-05	0.0	0.0	0.0	0.0	0.0	0.000139038548438	0.0	6.57181349193e-05
k__Bacteria;p__Chlorobi;c__Ignavibacteria	0.0	0.0	0.0	0.0	0.0	0.0	0.0	9.45054529646e-06	0.0	0.0	0.0	0.0	0.0	0.0	0.0	0.0	0.0	0.0	0.0	0.0	0.0	0.0	0.0	0.0	0.0	0.0	0.0	0.0	4.92886011895e-05
k__Bacteria;p__Chlorobi;c__OPB56	9.84445757039e-05	4.54125732278e-05	2.81050454178e-05	4.12788177747e-05	0.000135090414084	1.67807759431e-05	0.000181927939997	0.000113406543558	0.0	3.83229861271e-05	4.63800380316e-05	4.8659432631e-05	7.38982236714e-05	9.25768773819e-05	9.47482403898e-05	7.88972419778e-05	2.42171796673e-05	2.65959215154e-05	5.82640234221e-05	5.38073160014e-05	5.51923760931e-05	0.000120465599542	5.49071285141e-05	1.82620049855e-05	3.91473702754e-05	1.66683335e-05	8.11058199219e-05	0.000930827855024	0.000312161140867
k__Bacteria;p__Chlorobi;c__SJA-28	9.84445757039e-05	0.000514675829915	0.00077569925353	0.000608862562176	0.00215787280487	0.000822258021211	0.000851753537258	0.000368571266562	0.000425998762853	0.000249099409826	0.000658596540049	0.000500497021348	0.000886778684057	0.000946341413237	0.00175961017867	0.000360673106184	0.00023409940345	0.00023271431326	0.000873960351332	0.000807109740021	0.000153312155814	4.51745998283e-05	0.000282379518072	0.000155227042377	0.000577423711562	0.0004167083375	0.000127452002734	2.90883704695e-05	0.000525745079355
k__Bacteria;p__Chloroflexi;c__	0.0	0.0	6.74521090026e-05	0.0	7.14764095684e-07	0.0	0.0	9.45054529646e-06	5.83559949114e-06	9.58074653177e-06	2.7828022819e-05	1.39026950374e-05	0.0	0.0	0.0	2.25420691365e-05	0.0	1.32979607577e-05	0.0	1.79357720005e-05	2.45299449303e-05	1.50581999428e-05	0.0	0.0	4.89342128443e-05	1.66683335e-05	0.0	0.0	0.0
k__Bacteria;p__Chloroflexi;c__Anaerolineae	0.00310100413467	0.00472290761569	0.00311403903229	0.00152731625766	0.00231011755725	0.00387635924285	0.00231544650905	0.00288241631542	0.00142388627584	0.00290296619913	0.00719818190251	0.00342701432673	0.00455397803375	0.00212412501993	0.002639415268	0.00541573211005	0.00142074120715	0.00459444544179	0.00171878869095	0.00289662717808	0.00283320863945	0.0109247240585	0.00104323544177	0.00270277673786	0.00243692379964	0.003300330033	0.00287346333438	0.00191983245099	0.00340091348208
k__Bacteria;p__Chloroflexi;c__C0119	0.0	0.0	0.0	0.0	1.42952819137e-05	0.0	0.0	0.0	4.66847959291e-05	0.0	9.27600760633e-06	2.78053900749e-05	0.0	0.0	1.35354629128e-05	0.0	0.0	0.0	0.0	0.0	6.13248623257e-06	0.0	0.00019609688755	0.0	0.0	0.0	0.0	0.000116353481878	0.0
k__Bacteria;p__Chloroflexi;c__Chloroflexi	0.000221500295334	0.000787151269281	0.00068014209911	0.000288951724423	0.000398123601296	0.000469861726406	0.000661556145443	0.000718241442531	0.000145889987278	0.000383229861271	0.00166968136914	0.000570010496535	0.000369491118357	0.000838335056292	0.000297780184082	0.000929860351882	0.000621574278126	0.000625004155613	0.000335018134677	0.000726398766019	0.000735898347908	0.000436687798341	0.00019609688755	0.000566122154551	0.000626357924406	0.000650065006501	0.00055615419375	0.000232706963756	0.000328590674597
k__Bacteria;p__Chloroflexi;c__Ellin6529	0.0075802323292	0.0106870922329	0.0168124381689	0.0110936822769	0.00357024665794	0.00834004564371	0.0106593233935	0.0303173493111	0.00861334484892	0.0206752510156	0.0199434163536	0.0100794539021	0.0128028672511	0.0134442198598	0.00867623172713	0.0131420263066	0.00894421169044	0.0127128504844	0.0158623803767	0.0102413258123	0.0170053843229	0.0225195380144	0.0106598268072	0.00834573627839	0.0166180586819	0.016601660166	0.0112041896949	0.00302519052883	0.0178424736306
k__Bacteria;p__Chloroflexi;c__Gitt-GS-136	0.000738334317779	0.00355731823618	0.00297913481428	0.00133124187323	0.000556086466442	0.00253389716741	0.00114945380271	0.00819362277203	0.00130133868652	0.00822028052426	0.003228050647	0.00145978297893	0.0036671993497	0.00174353119069	0.00166486193828	0.00264305760626	6.45791457793e-05	0.00251996356359	0.00385999155172	0.00175770565605	0.00396771859247	0.00753662907136	0.000462788654618	9.13100249276e-05	0.00199651588405	0.0035503550355	0.00291980951719	0.000349060445634	0.00243157099202
k__Bacteria;p__Chloroflexi;c__Ktedonobacteria	0.00519295136838	3.02750488185e-05	0.000264187426927	0.000247672906648	5.71811276547e-06	3.35615518862e-05	0.0	9.45054529646e-06	0.000163396785752	0.0	3.71040304253e-05	4.8659432631e-05	0.0	2.05726394182e-05	1.35354629128e-05	5.63551728413e-06	0.00123507616303	0.000212767372123	0.0	0.0	4.90598898605e-05	2.25872999142e-05	0.000658885542169	0.000703087191943	3.91473702754e-05	1.66683335e-05	0.0	5.8176740939e-05	4.92886011895e-05
k__Bacteria;p__Chloroflexi;c__P2-11E	7.38334317779e-05	0.000272475439367	0.000207977336091	1.03197044437e-05	8.57716914821e-06	0.0	2.48083554541e-05	0.0	4.66847959291e-05	0.000201195677167	0.000213348174946	7.64648227059e-05	2.77118338768e-05	3.08589591273e-05	2.70709258257e-05	1.12710345683e-05	0.0	0.000186171450608	7.28300292777e-05	0.0	0.000361816687722	0.000993841196223	0.0	2.73930074783e-05	0.000117442110826	6.66733340001e-05	0.00136721239297	2.90883704695e-05	0.000279302073407
k__Bacteria;p__Chloroflexi;c__S085	0.00327328214215	0.00431419445664	0.00561538807447	0.00247672906648	0.00199776564744	0.00187944690562	0.00220794363542	0.0034683501238	0.00242760938831	0.0042825936997	0.00652103334725	0.0027110255323	0.00411982596968	0.00200583234328	0.00244991878722	0.0024852631223	0.00213111181072	0.00719419676993	0.00343757738191	0.00264552637007	0.00288226852931	0.00602327997711	0.00339639809237	0.00199968954592	0.0019475816712	0.0036170283695	0.00404370445039	0.00154168363488	0.00251371866066
k__Bacteria;p__Chloroflexi;c__SAR202	0.0	1.51375244093e-05	1.68630272507e-05	0.0	0.0	0.0	0.0	0.0	1.16711989823e-05	9.58074653177e-06	0.0	1.39026950374e-05	0.0	0.0	0.0	0.0	0.0	0.0	0.0	8.96788600023e-06	0.0	4.51745998283e-05	0.0	1.82620049855e-05	0.0	0.0	0.000150625094141	0.0	1.64295337298e-05
k__Bacteria;p__Chloroflexi;c__SHA-26	0.0	0.0	0.0	0.0	2.14429228705e-06	0.0	0.0	0.0	0.0	0.0	0.0	0.0	0.0	0.0	0.0	0.0	2.42171796673e-05	0.0	0.0	0.0	0.0	1.50581999428e-05	7.84387550201e-06	0.0	0.0	0.0	0.0	0.0	0.0
k__Bacteria;p__Chloroflexi;c__TK10	0.00243650324867	0.0049045579086	0.0052949905567	0.00327134630864	0.000779807628391	0.00167807759431	0.00264622458177	0.00378966866388	0.0044759048097	0.00481911550548	0.00382171513381	0.00262065801456	0.00213381120851	0.00264358416524	0.00387114239307	0.00170756173709	0.00514211448268	0.0035838004242	0.00336474735263	0.00336295725009	0.0045748347295	0.00345585688687	0.00326305220884	0.00320498187496	0.00338624752882	0.0020168683535	0.00200447240664	0.00194892082146	0.00261229586304
k__Bacteria;p__Chloroflexi;c__TK17	0.000566056310297	0.000772013744872	0.00104550768954	0.000299271428866	0.000439579918846	0.00087260034904	0.000520975464536	0.000415823993044	0.000227588380154	0.000469456580057	0.000445248365104	0.000319761985861	0.000544999399577	0.000390880148946	0.000757985923119	0.000208514139513	0.00100097675958	0.000206118391745	0.000903092363043	0.000466330072012	0.000177842100744	0.000527036997997	0.000329442771084	0.000483943132116	0.000303392119634	0.0003166983365	0.000428702191016	0.00055267903892	0.000312161140867
k__Bacteria;p__Chloroflexi;c__Thermomicrobia	0.000836778893483	0.00251282905194	0.00140525227089	0.00151699655322	0.000403841714061	0.000688011813666	0.000818675729986	0.000718241442531	0.00175651544683	0.00219399095578	0.000890496730207	0.00131380468104	0.000544999399577	0.000720042379637	0.00196264212236	0.00126235587165	0.000670008637461	0.000598408234097	0.000975922392321	0.00147970119004	0.00145953172335	0.00295140718878	0.00122364457831	0.00122355433403	0.00107655268257	0.000666733340001	0.00129769311875	0.000436325557042	0.00147865803568
k__Bacteria;p__Cyanobacteria;c__	0.0	0.0	0.0	0.0	0.0	0.0	0.0	0.0	0.0	1.91614930635e-05	0.0	0.0	0.0	0.0	0.0	3.38131037048e-05	0.0	0.0	0.0	0.0	0.0	0.0	0.0	0.0	0.0	0.0	0.0	0.0	0.0
k__Bacteria;p__Cyanobacteria;c__4C0d-2	0.000467611734593	0.000529813354324	0.000196735317924	0.000835896059937	0.000888451770935	0.000637669485837	0.00106675928453	0.000463076719527	0.000449341160817	0.000306583889017	0.000296832243402	0.00123038851081	0.000508050287741	0.00105434777018	0.000649702219816	0.000462112417299	0.000540850345902	0.000319151058185	0.000626338251788	0.000466330072012	0.000748163320373	0.000609857097683	0.000533383534137	0.000995279271711	0.000459981600736	0.0002166883355	0.000695192742188	0.000465413927512	0.000657181349193
k__Bacteria;p__Cyanobacteria;c__Chloroplast	0.000541445166371	0.00234631628344	0.000489027790269	0.00042310788219	0.000346660586407	0.000839038797154	0.00148023187543	0.000359120721266	0.000175067984734	0.00106346286503	0.00153981726265	0.00167527475201	0.0019121165375	0.00085890769571	0.00301840822956	0.00195552449759	0.00134001727492	0.000272608195533	0.000538942216655	0.00286075563407	0.00264310156624	0.00198015329248	0.000400037650602	0.00325976788992	0.00109612636771	0.0013501350135	0.00040552909961	0.00058176740939	0.00146222850196
k__Bacteria;p__Cyanobacteria;c__ML635J-21	0.000147666863556	0.000136237719683	5.62100908355e-06	0.00030959113331	0.000258744602638	0.000201369311317	0.000305969717267	0.00029296690419	0.00015172558677	0.000220357170231	9.27600760633e-05	0.000291956595786	6.46609457125e-05	0.000154294795637	0.000324851109908	0.00025923379507	8.87963254466e-05	0.000179522470229	0.000320452128822	0.000242132922006	0.000159444642047	0.000105407399599	9.41265060241e-05	0.000118703032406	0.000244671064221	0.000133346668	8.11058199219e-05	0.000232706963756	0.000624322281734
k__Bacteria;p__Cyanobacteria;c__Nostocophycideae	0.0	0.0	0.0	0.0	1.42952819137e-06	0.0	0.0	4.72527264823e-05	0.0	4.79037326588e-05	0.0	0.0	0.000101610057548	0.0	0.0	0.000298682416059	0.0	6.64898037886e-06	0.0	0.0	6.13248623257e-06	2.25872999142e-05	0.0	0.0	0.0	0.000100010001	0.0	0.0	0.0
k__Bacteria;p__Cyanobacteria;c__Oscillatoriophycideae	0.0	0.000105962670865	0.0	0.0	0.0	0.0	0.0	0.0	0.0	0.000182034184104	0.000231900190158	0.0	0.0	0.0	0.0	0.000467747934583	1.61447864448e-05	0.0	0.0	0.0	0.00021463701814	0.0	1.5687751004e-05	0.0	3.91473702754e-05	0.000100010001	0.0	0.0	0.0
k__Bacteria;p__Cyanobacteria;c__Synechococcophycideae	0.0	0.0	0.0	0.0	2.85905638274e-06	0.0	0.0	0.0	0.0	0.0	0.0	0.0	0.0	0.0	0.0	9.58037938302e-05	0.0	0.0	0.0	0.0	6.13248623257e-06	0.0	0.0	0.0	2.93605277066e-05	0.0	0.0	0.0	0.0
k__Bacteria;p__Elusimicrobia;c__Elusimicrobia	0.00258417011223	0.00267934182044	0.00103426567137	0.00205362118429	0.00110859911241	0.00248355483958	0.00256353006359	0.00196571342166	0.00201328182444	0.000737717482946	0.00214275775706	0.00186296113502	0.00165347275465	0.00281330844044	0.00208446128858	0.00143705690745	0.0031320885703	0.00156915936941	0.00217033487247	0.00287869140607	0.00127555713637	0.00130253429505	0.00102754769076	0.00257494270296	0.00259351328075	0.0021168783545	0.0011123083875	0.000407237186573	0.00138008083331
k__Bacteria;p__Elusimicrobia;c__Endomicrobia	0.0	0.0	0.0	0.0	0.0	1.67807759431e-05	0.0	0.0	0.0	0.0	1.85520152127e-05	0.0	0.0	0.0	0.0	1.12710345683e-05	0.0	3.32449018943e-05	0.0	0.0	0.0	1.50581999428e-05	0.0	0.0	0.0	0.0	0.0	0.0	1.64295337298e-05
k__Bacteria;p__FBP;c__	0.00012305571963	0.000227062866139	2.81050454178e-05	0.000123836453324	9.7207917013e-05	1.67807759431e-05	1.65389036361e-05	9.45054529646e-06	0.000134218788296	5.74844791906e-05	0.0	0.000180735035487	1.84745559179e-05	2.57157992728e-05	8.1212777477e-05	5.63551728413e-05	4.84343593345e-05	2.65959215154e-05	0.0	2.69036580007e-05	4.2927403628e-05	0.000105407399599	7.05948795181e-05	0.0	5.87210554131e-05	0.0	4.63461828125e-05	0.000436325557042	8.21476686492e-05
k__Bacteria;p__FCPU426;c__	0.00036916715889	0.0	0.0	0.000154795566655	0.0	0.0	0.0	0.0	0.000227588380154	0.0	0.0	0.0	0.0	0.0	0.0	5.63551728413e-06	0.000815311715464	0.0	0.0	0.0	0.0	1.50581999428e-05	0.000243160140562	9.13100249276e-05	0.0	0.0	0.0	2.90883704695e-05	0.0
k__Bacteria;p__Fibrobacteres;c__Fibrobacteria	0.000147666863556	3.02750488185e-05	3.93470635849e-05	0.00019607438443	4.00267893583e-05	0.00021815008726	0.000190197391815	0.000245714177708	0.000145889987278	3.83229861271e-05	9.27600760633e-05	6.25621276684e-05	0.000424914786111	0.000601749702983	0.000243638332431	5.07196555572e-05	0.000540850345902	1.99469411366e-05	7.28300292777e-05	0.000134518290003	0.000288226852931	6.02327997711e-05	4.7063253012e-05	3.65240099711e-05	0.000362113175047	5.00050005001e-05	5.79327285156e-05	8.72651114085e-05	6.57181349193e-05
k__Bacteria;p__Fibrobacteres;c__TG3	0.0	0.0	5.62100908355e-06	0.0	3.50234406885e-05	3.35615518862e-05	0.0	0.0	0.0	0.0	9.27600760633e-06	0.0	0.0	0.0	0.0	1.69065518524e-05	0.0	0.0	0.0	3.58715440009e-05	6.13248623257e-06	1.50581999428e-05	0.0	0.0	0.0	1.66683335e-05	2.31730914063e-05	0.0	0.0
k__Bacteria;p__Firmicutes;c__Bacilli	0.0204518606025	0.0105811295621	0.0134229696915	0.0129409093724	0.00424641349246	0.00290307423815	0.00432492330083	0.00345889957851	0.0127799628856	0.0160381696942	0.00739297806224	0.00550546723482	0.00141330352772	0.00365678665659	0.00965078505685	0.012375595956	0.0176543239774	0.0189562430601	0.00722473890435	0.0128240769803	0.0111979198607	0.0137029619479	0.00951462098394	0.00683912086708	0.00757501614829	0.0126846017935	0.0232773703176	0.00989004595963	0.00813261919627
k__Bacteria;p__Firmicutes;c__Clostridia	0.00275644811971	0.00125641452597	0.00129283208922	0.000939093104373	0.00158749105651	0.000352396294805	0.000471358753628	0.000387472357155	0.00141221507685	0.00176285736185	0.00120588098882	0.000639523971722	0.000378728396316	0.000612036022692	0.000920411478073	0.00163993552968	0.00135616206137	0.00201464105479	0.000670036269355	0.00237648979006	0.00251431935535	0.00433676158352	0.000917733433735	0.00110485130162	0.000371900017616	0.0025835916925	0.00426384881875	0.000494502297981	0.000542174613084
k__Bacteria;p__Firmicutes;c__Erysipelotrichi	0.0	0.0	0.0	0.0	7.14764095684e-07	0.0	8.26945181804e-06	3.78021811859e-05	0.0	0.0	0.0	0.0	0.0	1.54294795637e-05	0.0	1.12710345683e-05	0.0	1.32979607577e-05	0.0	8.96788600023e-06	1.22649724651e-05	0.0	0.0	0.0	0.0	0.0	1.15865457031e-05	0.0	0.0
k__Bacteria;p__Fusobacteria;c__Fusobacteriia	0.0	0.0	0.0	0.0	0.0	0.0	0.0	0.0	0.0	2.87422395953e-05	0.0	0.0	0.0	0.0	0.0	0.0	2.42171796673e-05	0.0	0.0	1.79357720005e-05	4.2927403628e-05	7.52909997139e-06	7.84387550201e-06	0.0	0.0	0.0	1.15865457031e-05	0.0	0.0
k__Bacteria;p__GAL15;c__	0.0	0.0	5.62100908355e-06	0.0	0.0	0.0	0.0	6.61538170752e-05	0.0	0.0	2.7828022819e-05	0.0	2.77118338768e-05	5.14315985455e-06	0.0	3.94486209889e-05	0.0	5.31918430309e-05	0.0	0.0	1.83974586977e-05	7.52909997139e-06	0.0	0.0	0.0	1.66683335e-05	6.95192742188e-05	0.0	0.0
k__Bacteria;p__GN02;c__BD1-5	0.0	0.0	0.0	0.0	5.00334866979e-06	0.0	8.26945181804e-06	0.0	0.0	0.0	0.0	0.0	0.0	0.0	0.0	0.0	0.0	0.0	0.0	0.0	0.0	0.0	0.0	0.0	0.0	0.0	0.0	0.0	0.0
k__Bacteria;p__GN02;c__GKS2-174	0.0	0.0	0.0	0.0	7.14764095684e-07	0.0	0.0	9.45054529646e-06	0.0	0.0	5.5656045638e-05	0.0	0.0	0.0	1.35354629128e-05	1.69065518524e-05	0.0	0.0	0.0	0.0	0.0	0.0	0.0	3.65240099711e-05	9.78684256885e-06	0.0	0.0	0.0	0.0
k__Bacteria;p__GN02;c__GN07	0.0	0.0	0.0	0.0	1.50100460094e-05	0.0	0.0	0.0	0.0	0.0	0.0	0.0	9.23727795893e-06	0.0	0.0	0.0	0.0	0.0	0.0	0.0	0.0	0.0	0.0	0.0	0.0	5.00050005001e-05	0.0	0.0	0.0
k__Bacteria;p__GN04;c__	0.0	0.0	0.0	0.0	0.0	0.0	0.0	0.0	0.0	0.0	1.85520152127e-05	0.0	5.54236677536e-05	0.0	0.0	0.0	0.0	4.6542862652e-05	0.0	0.0	0.0	7.52909997139e-06	0.0	0.0	0.0	1.66683335e-05	0.0	0.0	0.0
k__Bacteria;p__GN04;c__GN15	0.0	0.0	0.0	0.0	0.0	0.0	0.0	0.0	0.0	0.0	0.0	0.0	0.0	0.0	0.0	0.0	0.0	0.0	0.0	0.0	0.0	1.50581999428e-05	7.84387550201e-06	0.0	0.0	0.0	0.0	0.0	0.0
k__Bacteria;p__GOUTA4;c__	0.0	0.0	0.0	0.0	0.0	0.0	0.0	0.0	0.0	0.0	0.0	0.0	0.0	0.0	0.0	0.0	0.0	0.0	0.0	0.0	0.0	0.000127994699514	0.0	0.0	0.0	0.0	0.0	0.0	0.0
k__Bacteria;p__Gemmatimonadetes;c__	2.4611143926e-05	0.000999076611011	0.000236082381509	0.0	6.93321172814e-05	0.00349040139616	0.000620208886353	0.00175780142514	8.7533992367e-05	0.00133172376792	0.00193868558972	0.000291956595786	0.00173660825628	0.0010183456512	0.000148890092041	0.00108765483584	0.0	0.00244017579904	0.00100505440403	9.86467460026e-05	0.000226901990605	0.00112183589574	7.84387550201e-05	0.0	0.000195736851377	0.0017168383505	0.00251428041758	0.0	0.000213583938488
k__Bacteria;p__Gemmatimonadetes;c__Gemm-1	0.0276629257728	0.0183012670108	0.030612015469	0.0158923448432	0.00358096811938	0.0115787354007	0.00684710610534	0.00737142533124	0.0210256649666	0.0139878899364	0.0204721487872	0.0153346726263	0.0183082849146	0.010291462869	0.00843259339469	0.00784464005951	0.00326124686186	0.0211038637225	0.00739953097461	0.00721018034419	0.0252781082506	0.0429836317367	0.0189821787149	0.0243158596382	0.0125858795435	0.0239523952395	0.0654292235856	0.0041014602362	0.0166266881346
k__Bacteria;p__Gemmatimonadetes;c__Gemm-2	0.00100905690096	0.000666051074007	0.00134342117097	0.000567583744402	0.000644717214307	0.000973285004699	0.000611939434535	0.000576483263084	0.000355971568959	0.000938913160113	0.000973980798664	0.000583913191572	0.00184745559179	0.000545174944582	0.000609095831077	0.00042266379631	0.000177592650893	0.00162235121244	0.00094679038061	0.000295940238008	0.000533526302233	0.0020253278923	0.000800075301205	0.000246537067305	0.000528489498718	0.000683401673501	0.00272283824024	0.000261795334225	0.00116649689482
k__Bacteria;p__Gemmatimonadetes;c__Gemm-3	4.92222878519e-05	0.000166512768502	3.37260545013e-05	0.00011351674888	0.00024516408482	0.000184588535374	0.000479628205446	0.000103955998261	4.66847959291e-05	0.000182034184104	0.000259728212977	0.000264151205711	2.77118338768e-05	4.11452788364e-05	0.000311315646995	0.000180336553092	0.0	1.99469411366e-05	0.000160226064411	8.96788600023e-05	4.90598898605e-05	0.000105407399599	1.5687751004e-05	8.21790224349e-05	0.000293605277066	0.000133346668	3.47596371094e-05	0.000785386002676	0.000262872539677
k__Bacteria;p__Gemmatimonadetes;c__Gemm-5	0.00100905690096	0.00174081530706	0.000747594208112	0.000485026108852	0.000697609757388	0.000671231037723	0.000645017241807	0.000538681081898	0.000414327563871	0.000910170920518	0.000797736654144	0.000458788936235	0.000286355616727	0.000241728513164	0.000988088792637	0.000704439660516	8.07239322242e-06	0.000678195998644	0.000844828339621	0.000690527222018	0.000527393816001	0.00171663479348	0.00043141315261	0.000146096039884	0.000234884221652	0.000666733340001	0.00202764549805	0.000261795334225	0.00165938290671
k__Bacteria;p__Gemmatimonadetes;c__Gemmatimonadetes	0.0342587123449	0.0100815912566	0.00928028599694	0.0133640172545	0.00416635991374	0.00931333064841	0.00607804708626	0.00565142608729	0.0057305587003	0.0079903426075	0.00868234311952	0.0101420160298	0.00819346554957	0.00641352033863	0.00655116404981	0.00672880763725	0.00534392431324	0.00660243751621	0.00617598648275	0.0038920625241	0.00784958237769	0.0144935174449	0.0156171561245	0.0158879443374	0.00510873182094	0.00566723339001	0.0164528948984	0.0136715341207	0.00801761246016
k__Bacteria;p__Kazan-3B-28;c__	0.0	0.0	0.0	0.0	0.0	0.0	0.0	0.0	0.0	0.0	0.0	0.0	0.0	0.0	0.0	0.0	0.0	0.0	0.0	0.0	0.0	0.0	0.0	9.13100249276e-06	0.0	0.0	0.0	0.0	0.0
k__Bacteria;p__Lentisphaerae;c__[Lentisphaeria]	0.0	0.0	0.0	0.0	0.0	0.0	0.0	0.0	0.0	0.0	0.0	0.0	1.84745559179e-05	0.0	0.0	0.0	0.0	0.0	0.0	0.0	0.0	0.0	0.0	0.0	0.0	0.0	0.0	0.0	0.0
k__Bacteria;p__MVP-21;c__	0.0	0.0	0.0	2.06394088873e-05	0.0	0.0	0.0	0.0	0.0	0.0	0.0	0.0	0.0	0.0	0.0	0.0	0.0	0.0	0.0	0.0	6.13248623257e-06	0.0	0.0	0.0	9.78684256885e-06	0.0	0.0	0.0	0.0
k__Bacteria;p__NC10;c__12-24	0.0	0.0	0.0	0.0	0.0	0.0	0.0	0.0	0.0	0.0	2.7828022819e-05	0.0	0.0	0.0	0.0	0.0	0.0	6.64898037886e-05	0.0	0.0	0.0	7.52909997139e-06	0.0	0.0	0.0	0.0	0.0	0.0	0.0
k__Bacteria;p__NKB19;c__	7.38334317779e-05	1.51375244093e-05	0.0	0.0	1.42952819137e-05	0.0	0.0	0.0	5.83559949114e-06	9.58074653177e-06	0.0	6.95134751872e-06	0.0	1.02863197091e-05	0.0	1.69065518524e-05	0.0	0.0	0.0	8.96788600023e-06	0.0	6.77618997425e-05	0.0	1.82620049855e-05	0.0	1.66683335e-05	0.0	0.0	0.0
k__Bacteria;p__NKB19;c__TSBW08	0.0	7.56876220463e-05	1.12420181671e-05	0.0	0.000137949470467	0.0	8.26945181804e-06	0.0	0.0	0.0	0.0	1.39026950374e-05	9.23727795893e-06	0.0	0.0	3.38131037048e-05	0.0	0.0	5.82640234221e-05	1.79357720005e-05	1.22649724651e-05	3.01163998856e-05	7.84387550201e-06	0.0	0.0	0.0	2.31730914063e-05	0.000319972075164	9.8577202379e-05
k__Bacteria;p__Nitrospirae;c__Nitrospira	0.0110750147667	0.0135026717731	0.021191204245	0.00958700542816	0.00860790400432	0.0295677272117	0.00970006698256	0.0283988886159	0.00894013842042	0.0150226105618	0.0250081165067	0.0163912774491	0.0253748025532	0.0195645800867	0.00924472116946	0.020964124297	0.00330968122119	0.0341425142454	0.0198825979928	0.0124832973123	0.0231624005004	0.0156831152404	0.00832235190763	0.0154770492252	0.0191430640647	0.0299196586325	0.0378995909949	0.00215253941474	0.0103670357835
k__Bacteria;p__OD1;c__	0.0	0.0	0.0	2.06394088873e-05	6.43287686116e-06	0.0	0.0	0.0	4.0849196438e-05	0.0	0.0	0.000125124255337	1.84745559179e-05	0.0	0.0	0.0	8.07239322242e-06	0.0	0.0	0.0	0.0	0.0	1.5687751004e-05	9.13100249276e-06	0.0	0.0	1.15865457031e-05	8.72651114085e-05	0.0
k__Bacteria;p__OD1;c__ABY1	2.4611143926e-05	0.0	0.0	2.06394088873e-05	7.14764095684e-07	0.0	0.0	0.0	0.0	0.0	0.0	0.0	0.0	1.02863197091e-05	0.0	5.63551728413e-06	1.61447864448e-05	1.32979607577e-05	0.0	8.96788600023e-06	0.0	0.0	0.0	0.0	0.0	0.0	0.0	0.0	0.0
k__Bacteria;p__OD1;c__Mb-NB09	0.0	0.0	0.0	0.0	0.0	0.0	0.0	0.0	0.0	0.0	0.0	0.0	0.0	5.14315985455e-06	0.0	0.0	0.0	0.0	0.0	2.69036580007e-05	0.0	0.0	0.0	0.0	0.0	0.0	0.0	0.0	0.0
k__Bacteria;p__OD1;c__SM2F11	0.000196889151408	0.0	4.49680726684e-05	4.12788177747e-05	0.0	0.0	3.30778072722e-05	2.83516358894e-05	1.16711989823e-05	3.83229861271e-05	4.63800380316e-05	2.78053900749e-05	0.0	1.02863197091e-05	0.0	2.81775864207e-05	0.0	1.32979607577e-05	0.0	2.69036580007e-05	2.45299449303e-05	1.50581999428e-05	3.921937751e-05	0.00016435804487	3.91473702754e-05	3.3336667e-05	0.000104278911328	0.0	9.8577202379e-05
k__Bacteria;p__OD1;c__ZB2	0.0	0.0	0.0	1.03197044437e-05	4.2885845741e-06	0.0	0.0	0.0	1.16711989823e-05	0.0	1.85520152127e-05	0.0	9.23727795893e-06	0.0	0.0	0.0	0.0	0.0	0.0	8.96788600023e-06	0.0	0.0	7.84387550201e-06	9.13100249276e-06	0.0	0.0	0.0	0.0	0.0
k__Bacteria;p__OP11;c__	0.0	4.54125732278e-05	5.62100908355e-06	0.0	0.0	0.0	0.0	0.0	5.83559949114e-05	0.0	0.0	3.47567375936e-05	0.0	1.54294795637e-05	0.0	1.12710345683e-05	8.07239322242e-06	0.0	0.0	0.0	0.0	7.52909997139e-06	1.5687751004e-05	0.0	9.78684256885e-06	1.66683335e-05	1.15865457031e-05	2.90883704695e-05	0.0
k__Bacteria;p__OP11;c__OP11-3	0.0	0.0	0.0	0.0	0.0	0.0	0.0	0.0	0.0	0.0	0.0	0.0	0.0	5.14315985455e-06	0.0	0.0	0.0	0.0	0.0	0.0	0.0	7.52909997139e-06	7.84387550201e-06	0.0	0.0	0.0	0.0	0.0	0.0
k__Bacteria;p__OP11;c__OP11-4	0.0	0.0	0.0	0.0	7.14764095684e-07	0.0	0.0	0.0	0.0	0.0	0.0	6.95134751872e-06	0.0	0.0	0.0	0.0	0.0	0.0	0.0	0.0	0.0	0.0	0.0	0.0	0.0	0.0	0.0	0.0	0.0
k__Bacteria;p__OP11;c__WCHB1-64	0.0	0.0	0.0	0.0	2.85905638274e-06	0.0	0.0	0.0	0.0	0.0	0.0	0.0	0.0	0.0	0.0	0.0	0.0	0.0	0.0	0.0	0.0	0.0	0.0	0.0	0.0	0.0	0.0	0.0	0.0
k__Bacteria;p__OP3;c__PBS-25	0.000319944871038	6.0550097637e-05	6.74521090026e-05	2.06394088873e-05	2.28724510619e-05	5.03423278292e-05	0.000107502873635	6.61538170752e-05	0.0	0.000143711197977	9.27600760633e-05	8.34161702246e-05	0.000101610057548	9.25768773819e-05	5.41418516513e-05	1.12710345683e-05	4.84343593345e-05	0.000132979607577	0.0	0.000107614632003	9.19872934885e-05	0.000210814799199	0.0	0.000173489047363	7.82947405508e-05	0.000100010001	0.00018538473125	0.000174530222817	9.8577202379e-05
k__Bacteria;p__OP3;c__koll11	0.00012305571963	0.000121100195274	0.000168630272507	5.15985222183e-05	2.35872151576e-05	5.03423278292e-05	8.26945181804e-06	2.83516358894e-05	1.16711989823e-05	6.70652257224e-05	4.63800380316e-05	8.34161702246e-05	2.77118338768e-05	2.05726394182e-05	0.000135354629128	2.81775864207e-05	8.07239322242e-06	0.000265959215154	4.36980175666e-05	2.69036580007e-05	7.35898347908e-05	0.000135523799485	3.1375502008e-05	0.000109572029913	1.95736851377e-05	5.00050005001e-05	0.000115865457031	0.0	6.57181349193e-05
k__Bacteria;p__OP8;c__OP8_1	0.0	0.0	1.12420181671e-05	0.0	0.0	0.0	0.0	0.0	0.0	0.0	0.0	0.0	0.0	0.0	0.0	0.0	0.0	0.0	0.0	0.0	0.0	0.0	0.0	0.0	0.0	0.0	0.0	0.0	0.0
k__Bacteria;p__PAUC34f;c__	0.0	0.0	0.0	0.0	0.0	0.0	0.0	0.0	0.0	0.0	0.0	0.0	0.0	0.0	0.0	0.0	0.0	3.98938822732e-05	0.0	0.0	0.0	0.0	0.0	0.0	1.95736851377e-05	0.0	0.0	0.0	0.0
k__Bacteria;p__Planctomycetes;c__	0.000172278007482	0.000787151269281	0.000517132835687	0.000165115271099	0.000611838065906	0.0019465700094	0.000950986959074	0.000822197440792	0.000280108775575	0.000881428680923	0.000593664486805	0.000493545673829	0.00137635441588	0.000822905576728	0.000324851109908	0.000343766554332	0.000169520257671	0.000718089880917	0.00094679038061	0.000466330072012	0.000263696908	0.000316222198798	0.000854982429719	0.000337847092232	0.000528489498718	0.000683401673501	0.000196971276953	8.72651114085e-05	0.000394308809516
k__Bacteria;p__Planctomycetes;c__028H05-P-BN-P5	4.92222878519e-05	0.000287612963776	0.00017425128159	0.000123836453324	0.000125083716745	0.000234930863203	0.000496167109082	0.000982856710832	0.000157561186261	0.000498198819652	0.00055656045638	9.03675177433e-05	0.000498813009782	0.000493743346037	0.000392528424472	0.000445205865446	1.61447864448e-05	0.00075798376319	0.000378716152244	0.000331811782009	0.00019010707321	0.000127994699514	6.27510040161e-05	9.13100249276e-06	0.000244671064221	0.000366703337	0.000231730914063	8.72651114085e-05	0.000295731607137
k__Bacteria;p__Planctomycetes;c__BD7-11	0.0	4.54125732278e-05	1.68630272507e-05	3.0959113331e-05	3.21643843058e-05	0.000151026983488	7.44250663624e-05	0.000274065813597	1.75067984734e-05	1.91614930635e-05	0.00017624414452	4.17080851123e-05	0.000378728396316	0.000236585353309	2.70709258257e-05	0.000197243104945	0.000258316583117	0.000339097999322	0.000116528046844	8.96788600023e-05	5.51923760931e-05	6.77618997425e-05	0.000109814257028	5.47860149566e-05	0.000117442110826	0.0001833516685	0.000104278911328	2.90883704695e-05	8.21476686492e-05
k__Bacteria;p__Planctomycetes;c__C6	0.0	0.0	6.18310999191e-05	0.0	1.3580517818e-05	8.39038797154e-05	4.13472590902e-05	0.000122857088854	1.16711989823e-05	9.58074653177e-06	8.34840684569e-05	4.8659432631e-05	0.000249406504891	8.74337175274e-05	2.70709258257e-05	5.07196555572e-05	0.0	0.000113032666441	7.28300292777e-05	0.0	6.13248623257e-06	4.51745998283e-05	0.0	0.0	4.89342128443e-05	0.0	0.000162211639844	0.0	8.21476686492e-05
k__Bacteria;p__Planctomycetes;c__OM190	0.00196889151408	0.00152888996534	0.00836406151632	0.00133124187323	0.00633781323643	0.0055712176131	0.00417607316811	0.00473472319353	0.00107958590586	0.00236644439335	0.0054264644497	0.00212016099321	0.0139205778841	0.00544660628597	0.00331618841364	0.00288538484948	0.000556995132347	0.00643621300674	0.00455915983278	0.0132635033943	0.00270442642856	0.00233402099113	0.00192174949799	0.0011413753116	0.00192800798606	0.0035170183685	0.00301250188281	0.000407237186573	0.00345020208326
k__Bacteria;p__Planctomycetes;c__Phycisphaerae	0.00730950974601	0.00464721999364	0.00486779386635	0.00739922808611	0.00629707168298	0.0103705195328	0.00635920844807	0.0101498856484	0.00811148329268	0.00534605656473	0.00939659570521	0.00571400766038	0.0102718530903	0.00711299007884	0.00576610720087	0.00989033283365	0.00819347912075	0.0100665562936	0.00396195359271	0.00571254338215	0.00442152257368	0.00385489918535	0.00616528614458	0.00838226028836	0.00503043708039	0.00856752341901	0.00544567648047	0.00151259526441	0.00645680675582
k__Bacteria;p__Planctomycetes;c__Pla3	0.0	0.000136237719683	0.00034850256318	0.0	0.000355237755555	0.000671231037723	0.000314239169085	0.000207911996522	7.58627933848e-05	0.000239518663294	0.000964704791058	6.95134751872e-05	0.00137635441588	0.000509172825601	8.1212777477e-05	0.000332495519764	0.0	0.00137633893842	0.0002621881054	0.000233165036006	0.000306624311628	0.000308693098827	2.3531626506e-05	9.13100249276e-06	0.000156589481102	0.000666733340001	0.000243317459766	0.0	4.92886011895e-05
k__Bacteria;p__Planctomycetes;c__Pla4	0.00024611143926	0.000136237719683	0.000354123572264	0.000154795566655	0.000306633797048	0.000201369311317	0.000181927939997	0.000179560360633	7.00271938936e-05	0.000229937916762	0.000445248365104	5.56107801497e-05	0.000351016562439	0.000241728513164	5.41418516513e-05	0.000135252414819	0.000161447864448	0.000372342901216	2.91320117111e-05	8.07109740021e-05	0.00019010707321	4.51745998283e-05	0.000101970381526	0.000109572029913	4.89342128443e-05	0.00033336667	0.000127452002734	0.0	6.57181349193e-05
k__Bacteria;p__Planctomycetes;c__Planctomycetia	0.0220269738137	0.0359818955208	0.0291055850346	0.0289054921467	0.0267457576964	0.0302221774735	0.0349218950276	0.0239004290548	0.0261434857203	0.0326895071664	0.0368535782199	0.0331648790118	0.0338730982754	0.0316407194252	0.0410801299404	0.0342583095702	0.0425253674957	0.0352595429491	0.0325258910754	0.0426153942731	0.0302822170164	0.0350404312668	0.0307715235944	0.030944967448	0.0275401749887	0.0264193085975	0.0300439130082	0.0397638024318	0.0279794959419
k__Bacteria;p__Planctomycetes;c__vadinHA49	0.000270722583186	0.000272475439367	0.000129283208922	0.00050566551774	0.000254456018064	0.000134246207545	0.000396933687266	9.45054529646e-05	0.000396820765397	0.000297003142485	0.000157692129308	0.000180735035487	0.000166271003261	0.000442311747491	0.000270709258257	0.00016343000124	0.000653863851016	1.32979607577e-05	0.0001310940527	0.000143486176004	0.00045380398121	0.000173169299342	0.000258847891566	0.000292192079768	0.000264244749359	0.0001166783345	1.15865457031e-05	8.72651114085e-05	0.000328590674597
k__Bacteria;p__Proteobacteria;c__	4.92222878519e-05	0.00021192534173	9.55571544204e-05	0.000247672906648	0.000176546731634	0.000285273191032	0.000157119584543	0.000226813087115	0.000227588380154	6.70652257224e-05	0.000204072167339	9.03675177433e-05	0.000387965674275	0.000380593829237	0.000203031943692	0.000112710345683	0.000104941111891	0.000246012274018	0.000247622099544	0.000134518290003	0.000141047183349	1.50581999428e-05	0.000290223393574	7.30480199421e-05	0.00025445790679	0.0001166783345	0.000486634919531	2.90883704695e-05	0.000115006736109
k__Bacteria;p__Proteobacteria;c__Alphaproteobacteria	0.111365426265	0.0947154902287	0.0905432143178	0.139883593734	0.096520313953	0.0993086320311	0.0922953517411	0.103303910636	0.104912407652	0.115879129302	0.0969992115394	0.133368553494	0.0895184607	0.0999675980929	0.0772604223064	0.111391634638	0.0842273508827	0.0902067168	0.108676969688	0.0850962702562	0.0937841119547	0.0728666295231	0.163780120482	0.118301268296	0.114731155435	0.111211121112	0.0812216853789	0.154750130898	0.119146978609
k__Bacteria;p__Proteobacteria;c__Betaproteobacteria	0.0855975585745	0.0522395967363	0.0804591240219	0.077036593672	0.117302080035	0.0703114512015	0.0467141333201	0.0406845975013	0.0734818687924	0.0403636851383	0.0480126153703	0.0789464537701	0.0670072143141	0.0583542917097	0.0742826204656	0.049941954172	0.0553039659668	0.0503194835072	0.0706159963876	0.0454671820212	0.0495504887592	0.0798536342966	0.0794898343373	0.0922870421944	0.0431893362563	0.046271293796	0.0696235531301	0.146256326721	0.0864029178852
k__Bacteria;p__Proteobacteria;c__Deltaproteobacteria	0.045875172278	0.0627450386764	0.0540516233474	0.0582960104023	0.0665459668364	0.094039468385	0.067941816137	0.0664751356153	0.059610648802	0.0638077719016	0.0758777422197	0.0576544763202	0.0999288729597	0.0814573657764	0.0566594477531	0.0804244671618	0.0419441551837	0.0894487330368	0.0612209226108	0.0660484803917	0.0755522303852	0.0595175352738	0.062515687751	0.0483121341892	0.0660122531269	0.0823415674901	0.0796111555262	0.0208272732562	0.0554168172707
k__Bacteria;p__Proteobacteria;c__Epsilonproteobacteria	0.0	0.0	1.12420181671e-05	0.0	2.14429228705e-06	0.0	2.48083554541e-05	0.0	0.0	4.79037326588e-05	6.49320532443e-05	0.0	9.23727795893e-06	3.08589591273e-05	0.0	1.69065518524e-05	0.0	1.32979607577e-05	0.0	2.69036580007e-05	0.0	0.0	0.0	0.0	0.0	1.66683335e-05	1.15865457031e-05	2.90883704695e-05	0.0
k__Bacteria;p__Proteobacteria;c__Gammaproteobacteria	0.0504528450482	0.0510891448812	0.0588519651048	0.0771604301253	0.093457549803	0.049520069808	0.0449527400829	0.0369705331998	0.0512832483281	0.0384954395647	0.0326422707667	0.0865095198704	0.0380945343026	0.0398440593932	0.0594071467244	0.0437203430903	0.0253634595048	0.0333645835411	0.0763841347064	0.0418351881911	0.0487900604663	0.030259452785	0.0913183985944	0.0484764922341	0.0439429231341	0.035070173684	0.0605049416617	0.0767932980394	0.0891959386193
k__Bacteria;p__Proteobacteria;c__TA18	9.84445757039e-05	6.0550097637e-05	3.37260545013e-05	0.000103197044437	0.000163680977912	6.71231037723e-05	0.000157119584543	2.83516358894e-05	5.25203954202e-05	2.87422395953e-05	1.85520152127e-05	4.17080851123e-05	9.23727795893e-06	8.22905576728e-05	0.000243638332431	3.94486209889e-05	0.000169520257671	1.32979607577e-05	0.000101962040989	0.000107614632003	9.19872934885e-05	4.51745998283e-05	3.1375502008e-05	9.13100249276e-05	7.82947405508e-05	3.3336667e-05	6.95192742188e-05	2.90883704695e-05	6.57181349193e-05
k__Bacteria;p__SBR1093;c__	0.0	4.54125732278e-05	0.0	0.0	0.0	0.0	0.0	0.0	0.0	0.0	0.0	0.0	0.0	0.0	0.0	0.0	0.0	4.6542862652e-05	0.0	0.0	2.45299449303e-05	0.0	0.0	0.0	0.0	3.3336667e-05	0.000266490551172	0.0	3.28590674597e-05
k__Bacteria;p__SBR1093;c__VHS-B5-50	0.0	0.0	1.12420181671e-05	0.0	0.0	0.0	0.0	0.0	0.0	0.0	9.27600760633e-06	0.0	0.0	0.0	0.0	0.0	0.0	1.99469411366e-05	0.0	8.96788600023e-06	0.0	1.50581999428e-05	0.0	0.0	0.0	0.0	0.0	0.0	0.0
k__Bacteria;p__SR1;c__	0.0	0.0	0.0	3.0959113331e-05	1.71543382964e-05	0.0	0.0	0.0	0.0	0.0	0.0	0.0	0.0	0.0	0.0	0.0	0.0	0.0	0.0	0.0	0.0	1.50581999428e-05	0.0	0.0	0.0	0.0	0.0	0.0	3.28590674597e-05
k__Bacteria;p__Spirochaetes;c__Spirochaetes	0.0	0.0	1.12420181671e-05	0.0	1.42952819137e-06	0.0	0.0	9.45054529646e-06	5.83559949114e-06	9.58074653177e-06	0.0	0.0	0.000129321891425	6.17179182546e-05	0.0	0.0	2.42171796673e-05	0.0	0.0	0.0	0.0	0.0	0.0	9.13100249276e-06	0.0	0.0	0.0	0.0	0.0
k__Bacteria;p__Spirochaetes;c__[Leptospirae]	0.0	0.0	0.0	1.03197044437e-05	5.00334866979e-06	0.000201369311317	0.0	4.72527264823e-05	0.0	0.0	0.0	3.47567375936e-05	0.000138559169384	7.20042379637e-05	0.0	0.000107074828398	0.0	6.64898037886e-06	0.0	0.0	7.35898347908e-05	0.0	7.84387550201e-06	1.82620049855e-05	2.93605277066e-05	0.0	0.0	2.90883704695e-05	0.0
k__Bacteria;p__TM6;c__	0.0	0.0	0.0	0.0	0.0	0.0	0.0	9.45054529646e-06	0.0	0.0	0.0	0.0	0.0	0.0	0.0	0.0	0.0	0.0	0.0	0.0	0.0	0.0	0.0	0.0	0.0	0.0	0.0	0.0	0.0
k__Bacteria;p__TM6;c__SBRH58	4.92222878519e-05	0.0	4.49680726684e-05	0.0	2.07281587748e-05	0.0	8.26945181804e-06	0.0	2.91779974557e-05	0.0	4.63800380316e-05	2.08540425561e-05	0.0	0.0	1.35354629128e-05	0.0	0.0	2.65959215154e-05	4.36980175666e-05	2.69036580007e-05	1.83974586977e-05	0.0	7.84387550201e-06	9.13100249276e-06	4.89342128443e-05	0.0	2.31730914063e-05	0.0	1.64295337298e-05
k__Bacteria;p__TM6;c__SJA-4	0.000664500886001	0.000529813354324	0.000477785772102	0.000949412808817	0.000558945522825	0.00124177741979	0.000454819849992	0.000236263632412	0.000729449936392	0.000297003142485	0.000612216502018	0.000653426666759	0.000286355616727	0.000190296914618	0.000378992961559	0.000766430350642	0.000621574278126	0.000625004155613	0.000436980175666	0.000295940238008	0.000754295806606	0.000926079296481	0.00107461094378	0.000556991152059	0.0011939947934	0.000950095009501	0.000289663642578	0.000523590668451	0.000394308809516
k__Bacteria;p__TM7;c__	0.0	0.0	0.0	0.0	3.57382047842e-06	0.0	0.0	0.0	0.0	0.0	0.0	0.0	0.0	0.0	0.0	0.0	0.0	0.0	0.0	0.0	0.0	0.0	0.0	0.0	0.0	0.0	0.0	0.0	0.0
k__Bacteria;p__TM7;c__MJK10	0.0	0.0	0.0	1.03197044437e-05	7.14764095684e-07	0.0	2.48083554541e-05	0.0	0.0	0.0	0.0	0.0	0.0	5.14315985455e-06	0.0	1.12710345683e-05	0.0	0.0	0.0	0.0	1.22649724651e-05	2.25872999142e-05	0.0	3.65240099711e-05	0.0	0.0001166783345	0.000150625094141	0.0	0.0
k__Bacteria;p__TM7;c__SC3	0.000221500295334	3.02750488185e-05	1.68630272507e-05	0.00030959113331	2.7161035636e-05	3.35615518862e-05	0.000132311229089	8.50549076682e-05	0.000128383188805	3.83229861271e-05	2.7828022819e-05	0.000180735035487	0.000101610057548	0.000282873792	4.06063887385e-05	4.50841382731e-05	0.000137230684781	3.98938822732e-05	5.82640234221e-05	5.38073160014e-05	5.51923760931e-05	3.01163998856e-05	0.000133345883534	0.000182620049855	0.0	1.66683335e-05	5.79327285156e-05	0.0	0.000180724871028
k__Bacteria;p__TM7;c__TM7-1	0.0	0.0	0.0	0.0	5.14630148893e-05	0.0	0.0	1.89010905929e-05	5.83559949114e-06	9.58074653177e-06	0.0	0.0	0.0	0.0	0.0	1.69065518524e-05	0.0	0.0	0.0	0.0	0.0	0.0	0.0	0.0	0.0	0.0	0.0	2.90883704695e-05	0.0
k__Bacteria;p__TM7;c__TM7-3	0.0	0.0	0.0	0.0	1.50100460094e-05	0.0	0.0	0.0	0.0	0.0	0.0	0.0	0.0	0.0	0.0	0.0	0.0	0.0	0.0	0.0	0.0	0.0	0.0	0.0	0.0	0.0	0.0	0.0	0.0
k__Bacteria;p__Tenericutes;c__Mollicutes	2.4611143926e-05	0.000438988207868	0.000236082381509	1.03197044437e-05	0.000168684326581	0.000184588535374	0.00114945380271	9.45054529646e-05	4.0849196438e-05	2.87422395953e-05	0.0	4.17080851123e-05	0.000286355616727	0.0001697242752	8.1212777477e-05	1.69065518524e-05	0.000871818468021	6.64898037886e-05	0.00244708898373	0.000215229264006	4.2927403628e-05	1.50581999428e-05	0.000298067269076	6.39170174493e-05	0.000146802638533	0.000133346668	0.000127452002734	0.0	0.0
k__Bacteria;p__Tenericutes;c__RF3	0.0	0.0	0.0	0.0	5.71811276547e-06	0.0	0.0	0.0	0.0	0.0	0.0	0.0	0.0	0.0	0.0	0.0	0.0	0.0	0.0	8.96788600023e-06	6.13248623257e-06	0.0	0.0	0.0	0.0	1.66683335e-05	1.15865457031e-05	0.0	0.0
k__Bacteria;p__Verrucomicrobia;c__	4.92222878519e-05	4.54125732278e-05	2.24840363342e-05	0.00011351674888	7.0046881377e-05	0.0	1.65389036361e-05	9.45054529646e-05	2.33423979645e-05	3.83229861271e-05	1.85520152127e-05	5.56107801497e-05	9.23727795893e-06	7.20042379637e-05	8.1212777477e-05	1.12710345683e-05	4.03619661121e-05	1.32979607577e-05	2.91320117111e-05	2.69036580007e-05	6.74573485583e-05	3.76454998569e-05	7.05948795181e-05	1.82620049855e-05	0.000117442110826	0.0	1.15865457031e-05	0.0	3.28590674597e-05
k__Bacteria;p__Verrucomicrobia;c__Opitutae	0.0105335696003	0.0068724360818	0.00381104415865	0.00791521330829	0.010712169502	0.00280238958249	0.00620208886353	0.00224922978056	0.0115603225919	0.00462750057484	0.00449886368907	0.0117964367393	0.00331618278726	0.00528716833048	0.00977260422306	0.00285720726305	0.00862938835477	0.00117686952706	0.0055350822251	0.00612506613816	0.00596077661806	0.00492403138129	0.00788309487952	0.0105006528667	0.00444322652626	0.001866853352	0.00351072334805	0.0126534411542	0.00726185390859
k__Bacteria;p__Verrucomicrobia;c__Verruco-5	0.0	0.0	0.0	0.0	2.78757997317e-05	0.0	8.26945181804e-06	3.78021811859e-05	0.0	9.58074653177e-06	0.0	0.0	1.84745559179e-05	5.14315985455e-06	0.0	4.50841382731e-05	0.0	0.0	2.91320117111e-05	0.0	0.0	1.50581999428e-05	0.0	3.65240099711e-05	9.78684256885e-06	0.0	0.0	0.0	0.0
k__Bacteria;p__Verrucomicrobia;c__Verrucomicrobiae	0.00206733608978	0.00414768168814	0.00247886500585	0.00477802315742	0.0114898328381	0.00488320579944	0.00860022989076	0.00377076757329	0.00369977007738	0.00329577680693	0.00255090209174	0.00366336014236	0.00430457152886	0.00489628818153	0.00832430969139	0.00286284278034	0.00232484924806	0.00166889407509	0.00744322899218	0.00662726775417	0.00956667852281	0.00309446008824	0.00316892570281	0.00158879443374	0.00418876861947	0.0023502350235	0.00220144368359	0.00706847402409	0.004682417113
k__Bacteria;p__Verrucomicrobia;c__[Methylacidiphilae]	0.00024611143926	4.54125732278e-05	0.000129283208922	1.03197044437e-05	0.000145097111424	0.000117465431602	0.000198466843633	2.83516358894e-05	0.0004610123598	9.58074653177e-05	4.63800380316e-05	0.000312810638342	0.000138559169384	0.000144008475927	6.76773145642e-05	6.19906901254e-05	0.00177592650893	1.99469411366e-05	8.73960351332e-05	8.96788600023e-05	4.2927403628e-05	0.000143052899456	0.000188253012048	0.000885707241798	5.87210554131e-05	0.000100010001	0.000104278911328	0.000116353481878	8.21476686492e-05
k__Bacteria;p__Verrucomicrobia;c__[Pedosphaerae]	0.0324374876944	0.0397208640499	0.0408815990647	0.0236734019938	0.0393420453546	0.0363639414687	0.0405203139084	0.0149980153855	0.0399446785168	0.0226967885338	0.0333379713371	0.0286673571672	0.0582225629751	0.0375399237784	0.0441932864104	0.0240523877687	0.0381420579759	0.0229323333267	0.0222131589297	0.0459873194092	0.0249960138839	0.0366591877607	0.0164329191767	0.0424774235963	0.0284699250328	0.025369203587	0.0249921790817	0.0231252545232	0.0295731607137
k__Bacteria;p__Verrucomicrobia;c__[Spartobacteria]	0.0716922622563	0.0745825827644	0.0657095961867	0.106313595179	0.0457756369799	0.043042690294	0.157185740157	0.0466100894022	0.121503017005	0.0719801486932	0.062511015259	0.0800725720681	0.0585089185919	0.127164627404	0.069409853817	0.0801539623322	0.137206467601	0.0690563102148	0.0573172330415	0.114457129021	0.0679847423743	0.0674983812435	0.0875611822289	0.103134673156	0.189365616865	0.0581224789146	0.0165340007184	0.0256850311246	0.0515887359117
k__Bacteria;p__WPS-2;c__	0.000615278598149	1.51375244093e-05	0.0	3.0959113331e-05	3.57382047842e-06	1.67807759431e-05	4.13472590902e-05	4.72527264823e-05	0.000332629170995	9.58074653177e-06	9.27600760633e-06	0.000104270212781	9.23727795893e-06	4.6288438691e-05	5.41418516513e-05	1.69065518524e-05	0.00201002591238	1.32979607577e-05	1.45660058555e-05	5.38073160014e-05	3.67949173954e-05	7.52909997139e-06	8.62826305221e-05	4.56550124638e-05	9.78684256885e-06	0.0	0.0	5.8176740939e-05	4.92886011895e-05
k__Bacteria;p__WS1;c__	0.0	0.0	0.0	0.0	7.14764095684e-07	0.0	0.0	0.0	0.0	0.0	0.0	0.0	0.0	0.0	0.0	0.0	0.0	0.0	0.0	0.0	0.0	2.25872999142e-05	0.0	0.0	0.0	0.0	0.0	0.0	0.0
k__Bacteria;p__WS2;c__SHA-109	2.4611143926e-05	9.08251464555e-05	0.0	2.06394088873e-05	2.14429228705e-06	3.35615518862e-05	8.26945181804e-06	3.78021811859e-05	5.83559949114e-06	4.79037326588e-05	0.0	2.78053900749e-05	0.0	1.02863197091e-05	1.35354629128e-05	6.19906901254e-05	1.61447864448e-05	0.0	2.91320117111e-05	1.79357720005e-05	6.13248623257e-06	0.0	5.49071285141e-05	3.65240099711e-05	0.0	3.3336667e-05	1.15865457031e-05	0.0	0.0
k__Bacteria;p__WS3;c__PRR-12	0.00211655837763	0.00349676813854	0.00812235812573	0.00191946502652	0.00726200321215	0.015639683179	0.00633440009262	0.00582153590262	0.00369977007738	0.00514486088756	0.00991605213116	0.00444886241198	0.0137635441588	0.00527688201077	0.00273416350839	0.00624415315082	0.000904108040911	0.0111769360169	0.00372889749902	0.00281591620407	0.00520648081145	0.00819918986884	0.0011608935743	0.00773395911137	0.00439429231341	0.00755075507551	0.00397418517617	0.000232706963756	0.00400880623008
k__Bacteria;p__WS4;c__	0.0	0.0	5.62100908355e-06	0.0	0.0	0.0	0.0	0.0	0.0	0.0	0.0	0.0	0.0	0.0	0.0	0.0	0.0	6.64898037886e-06	0.0	0.0	0.0	0.000135523799485	0.0	0.0	0.0	0.0	0.0	0.0	0.0
k__Bacteria;p__[Thermi];c__Deinococci	0.0	0.0	0.0	0.0	1.42952819137e-06	0.0	0.0	1.89010905929e-05	0.0	0.0	0.0	0.0	0.0	0.0	0.0	0.0	0.0	0.0	0.0	0.0	6.13248623257e-06	7.52909997139e-06	7.84387550201e-06	0.0	0.0	0.0	0.0	0.0	0.0